"avellaneda_sab_cuba" "bazan_various_spain" "carrasquilla_frutosDeMiTierra_colombia" "cuervo_apuntacionesCriticas_colombia" "diaz_manuela_colombia" "galdos_trafalgar_spain" "hernandez_martinFierro_argentina" "isaacs_maria_colombia" "lizardi_periquilloFull_mexico" "marmol_amalia_argentina" "martí_nuestraAmerica_cuba" "mitre_soledad_bolivia" "palacios_elAlferezReal_colombia" "samper_dolores_colombia"
"a" 2.48767538869928 2.55558718410981 0.144467330358165 0.232572902659872 2.36155096134458 2.58442318953738 0.615367557378867 2.61955188942147 2.50773441218467 2.52384084182835 2.32315030955039 2.86677108548104 2.54497692409655 2.45707823583839
"abordaje" 0 0 0 0 0 0.00975990630489947 0 0 0 0 0 0 0 0
"absorto" 0.00189609404626469 0 0 0.000577103976823504 0 0.00780792504391958 0 0 0 0.00129804946433825 0 0 0 0
"acción" 0.00379218809252939 0.0126514217035139 0.00429110882251974 0.0121191835132936 0 0.037087643958618 0 0 0.00148738695859115 0.0199034251198532 0.00507459656957272 0.0047463097441739 0.00241001602660658 0.0102806620746376
"acerqueme" 0 0 0 0 0 0.00585594378293968 0 0 0 0 0 0 0 0
"achilles" 0 0 0 0 0 0.00585594378293968 0 0 0 0 0 0 0 0
"acordé" 0 0 0.00143036960750658 0 0.00355833896737003 0.00975990630489947 0.00277192593413904 0 0.00446216087577344 0.000432683154779418 0.000507459656957272 0 0 0
"ademán" 0.00379218809252939 0 0.00572147843002632 0 0.00118611298912334 0.0117118875658794 0 0.00557351465834355 0 0 0.000507459656957272 0 0.00361502403990987 0.0102806620746376
"además" 0.0132726583238529 0.0189771325552709 0.0157340656825724 0 0.00830279092386341 0.0351356626976381 0 0 0 0.0181726925007356 0.00456713691261545 0.0142389292325217 0.0361502403990987 0.0205613241492752
"advertí" 0 0 0 0 0 0.0175678313488191 0 0 0.0223108043788672 0 0 0 0 0.0051403310373188
"agua" 0.00568828213879408 0.0442799759622988 0.0243162833276119 0.0311636147484692 0.0427000676084404 0.0644153816123365 0.0277192593413904 0.0111470293166871 0.0297477391718229 0.0229322072033092 0.0238506038769918 0.0427167876975651 0.0204851362261559 0.025701655186594
"álava" 0 0 0 0 0 0.0253757563927386 0 0 0 0 0 0 0 0
"alborozo" 0 0 0 0 0 0.00585594378293968 0 0 0 0 0 0 0.00241001602660658 0
"alcalá" 0 0 0 0.00230841590729402 0 0.0195198126097989 0 0 0 0 0.000507459656957272 0 0.00120500801330329 0
"alcázar" 0 0 0 0.00346262386094103 0 0.0448955690025376 0 0 0 0 0 0 0.00120500801330329 0
"alcedo" 0 0 0 0.00115420795364701 0 0.00585594378293968 0 0 0 0 0 0 0 0
"algeciras" 0 0 0 0 0 0.00585594378293968 0 0 0 0 0 0 0 0
"algunos" 0.0455062571103527 0.00632571085175697 0.017164435290079 0.0779090368711731 0.0628639884235372 0.0975990630489947 0.0249473334072514 0.0780292052168097 0.0475963826749167 0.0514892954187508 0.0131939510808891 0.156628221557739 0.0385602564257052 0.195332579418115
"almirante" 0 0 0 0.000577103976823504 0 0.0390396252195979 0 0 0 0.00432683154779418 0.000507459656957272 0 0 0
"almirantes" 0 0 0 0 0 0.00585594378293968 0 0 0 0 0 0 0 0
"alonsito" 0 0 0 0 0 0.00585594378293968 0 0 0 0 0 0 0 0
"alonso" 0 0 0 0.00519393579141154 0 0.0995510443099746 0 0 0 0 0.00101491931391454 0 0 0
"amanecer" 0.00379218809252939 0.00948856627763545 0.00143036960750658 0.00461683181458803 0.00593056494561672 0.0156158500878392 0 0.00557351465834355 0.00148738695859115 0.000432683154779418 0.00253729828478636 0 0.00482003205321315 0.0051403310373188
"américa" 0.00758437618505878 0.00316285542587848 0.00429110882251974 0.0144275994205876 0.00355833896737003 0.00975990630489947 0 0.00557351465834355 0.00446216087577344 0.0173073261911767 0.345580026387902 0.00949261948834781 0.00120500801330329 0.0051403310373188
"amita" 0 0 0 0 0 0.0409916064805778 0 0 0 0 0 0 0 0
"amo" 0.0701554797117937 0.00316285542587848 0.0071518480375329 0.00865655965235256 0.072352892336524 0.212765957446809 0 0.0390146026084049 0.101142313184198 0.0129804946433825 0.00964173348218817 0.0759409559067825 0.0602504006651644 0.0051403310373188
"ana" 0 0.00316285542587848 0.00286073921501316 0.00288551988411752 0 0.0800312317001757 0 0 0 0 0 0 0.00120500801330329 0
"ancianidad" 0 0 0 0 0 0.00585594378293968 0 0 0 0 0 0 0 0
"andalucía" 0 0 0 0.00403972783776453 0 0.00780792504391958 0 0 0 0 0 0 0.00120500801330329 0
"andanada" 0 0 0 0 0 0.0214717938707788 0 0 0 0 0 0 0 0
"angustia" 0 0.00948856627763545 0.0071518480375329 0 0.00118611298912334 0.0195198126097989 0.00277192593413904 0.00557351465834355 0.00148738695859115 0.000865366309558836 0.00862681416827362 0 0.00361502403990987 0.025701655186594
"anque" 0 0 0 0.000577103976823504 0 0.00585594378293968 0 0 0 0 0 0 0 0
"ansiedad" 0.0151687523701176 0.00316285542587848 0.00143036960750658 0.000577103976823504 0 0.0195198126097989 0 0.0111470293166871 0 0.00346146523823535 0.00101491931391454 0 0.00602504006651644 0
"ante" 0.00568828213879408 0.0379542651105418 0.0300377617576382 0.00923366362917607 0.00237222597824669 0.0507515127854773 0.00277192593413904 0.0445881172667484 0.00446216087577344 0.013413177798162 0.046686288440069 0.00949261948834781 0.0180751201995493 0.0411226482985504
"aparejo" 0 0 0 0.000577103976823504 0.00118611298912334 0.0117118875658794 0 0 0 0 0 0 0 0
"apresado" 0 0 0 0 0 0.0195198126097989 0 0 0 0 0 0 0 0
"apresados" 0 0 0 0 0 0.00585594378293968 0 0 0 0 0 0 0 0
"aquel" 0.24649222601441 0.101211373628111 0.0286073921501316 0.0548248777982329 0.0284667117389603 0.203006051141909 0.23006985253354 0.144911381116932 0.0758567348881485 0.0887000467297807 0.0984471734497108 0.151881911813565 0.0265101762926723 0.0925259586717385
"aquella" 0.195297686765264 0.113862795331625 0.0286073921501316 0.0288551988411752 0.0154194688586035 0.154206519617412 0.0803858520900322 0.161631925091963 0.0520585435506901 0.0865366309558836 0.0695219730031462 0.161374531301913 0.0120500801330329 0.0925259586717385
"arboladura" 0 0 0 0 0 0.0175678313488191 0 0 0 0 0 0 0 0
"ardor" 0.00379218809252939 0.00316285542587848 0 0.00115420795364701 0.00118611298912334 0.0136638688268593 0.00277192593413904 0 0 0.000865366309558836 0.00405967725565818 0.0047463097441739 0.00482003205321315 0
"arena" 0 0.0126514217035139 0 0.00461683181458803 0.00237222597824669 0.0156158500878392 0.00277192593413904 0 0.00148738695859115 0.00129804946433825 0.00710443519740181 0.0047463097441739 0 0.0154209931119564
"argonauta" 0 0 0 0 0 0.00975990630489947 0 0 0 0 0 0 0 0
"armamento" 0 0 0 0 0 0.00780792504391958 0 0 0 0 0 0 0 0
"arrojados" 0 0 0 0.000577103976823504 0 0.00780792504391958 0 0 0 0.000432683154779418 0 0 0 0
"arrostrar" 0 0.00316285542587848 0.00143036960750658 0 0 0.00585594378293968 0 0 0 0.000432683154779418 0.000507459656957272 0 0 0
"artillería" 0 0 0 0.00173131193047051 0 0.0527034940464572 0 0 0.00148738695859115 0.00778829678602953 0.00152237897087182 0 0 0
"asís" 0 0 0 0 0 0.00585594378293968 0 0 0 0 0 0 0.00120500801330329 0
"asistido" 0.00189609404626469 0 0.00143036960750658 0 0 0.00780792504391958 0 0 0.00148738695859115 0.00173073261911767 0 0 0 0
"asombro" 0.00189609404626469 0.00948856627763545 0 0.00230841590729402 0 0.0136638688268593 0.00277192593413904 0 0 0.000865366309558836 0.00659697554044453 0 0.00602504006651644 0
"astillazo" 0 0 0 0 0 0.00585594378293968 0 0 0 0 0 0 0 0
"asturias" 0 0 0 0.00230841590729402 0 0.0136638688268593 0 0 0 0 0 0 0 0
"atacar" 0 0 0 0.000577103976823504 0 0.00780792504391958 0 0 0 0.00129804946433825 0 0.0047463097441739 0 0
"atacarnos" 0 0 0 0 0 0.00585594378293968 0 0 0 0 0 0 0 0
"aumentó" 0.00189609404626469 0 0 0 0 0.00585594378293968 0 0 0 0.000432683154779418 0 0 0.00120500801330329 0
"aún" 0.100492984452029 0.0600942530916912 0.027177022542625 0.00403972783776453 0.00474445195649338 0.0858871754831154 0 0.0836027198751533 0.0193360304616849 0.0203361082746327 0.0598802395209581 0.0617020266742608 0.00843505609312302 0.0205613241492752
"auxilio" 0.00568828213879408 0 0 0.00346262386094103 0.00237222597824669 0.0253757563927386 0.00277192593413904 0.00557351465834355 0.0118990956687292 0.00432683154779418 0.00152237897087182 0 0.00361502403990987 0
"avanzada" 0.00379218809252939 0 0 0 0 0.00780792504391958 0 0 0.00148738695859115 0.000432683154779418 0.00152237897087182 0 0.00241001602660658 0
"averías" 0 0 0 0 0 0.0136638688268593 0 0 0 0 0 0 0 0
"babor" 0 0 0 0 0 0.0214717938707788 0 0 0.00148738695859115 0.000432683154779418 0 0 0 0
"bahama" 0 0.00316285542587848 0 0 0 0.0253757563927386 0 0 0 0 0 0 0 0
"bahía" 0.00189609404626469 0 0 0.000577103976823504 0 0.0253757563927386 0 0.00557351465834355 0 0.000432683154779418 0.00253729828478636 0 0 0
"bala" 0 0.00948856627763545 0.00429110882251974 0.00173131193047051 0.00237222597824669 0.0253757563927386 0.0166315556048342 0 0.00148738695859115 0.00216341577389709 0.00253729828478636 0 0 0
"balandra" 0 0 0 0 0 0.0117118875658794 0 0 0 0 0 0 0 0
"balas" 0 0 0 0.00173131193047051 0.00118611298912334 0.0234237751317587 0 0 0.00297477391718229 0.00259609892867651 0.00152237897087182 0 0 0
"bandera" 0 0 0 0.000577103976823504 0.00593056494561672 0.0292797189146984 0 0 0.00297477391718229 0.00389414839301476 0.0233431442200345 0 0 0
"barco" 0 0.00316285542587848 0 0.00115420795364701 0 0.0566074565684169 0.00277192593413904 0 0.00594954783436459 0.000865366309558836 0.00304475794174363 0 0 0
"barcos" 0 0 0.00143036960750658 0 0 0.0800312317001757 0 0 0.00148738695859115 0 0.00608951588348726 0 0 0
"barlovento" 0 0 0 0 0 0.0117118875658794 0 0 0 0 0 0 0 0
"bastantes" 0.00189609404626469 0 0 0.00115420795364701 0 0.00975990630489947 0.00554385186827808 0 0.00297477391718229 0.000865366309558836 0 0 0.00361502403990987 0
"batalla" 0.00189609404626469 0.0126514217035139 0.00143036960750658 0.00346262386094103 0.00118611298912334 0.0390396252195979 0 0 0.00148738695859115 0.0194707419650738 0.0319699583883081 0.00949261948834781 0 0
"batería" 0 0 0 0.000577103976823504 0 0.0117118875658794 0 0 0 0.00259609892867651 0.000507459656957272 0 0 0
"baterías" 0 0 0 0.000577103976823504 0 0.00780792504391958 0 0 0 0.00129804946433825 0 0 0 0
"batiendo" 0.00189609404626469 0 0 0 0 0.00585594378293968 0 0 0 0 0 0 0 0
"bodega" 0 0.00316285542587848 0 0 0 0.0156158500878392 0 0 0.00148738695859115 0 0 0 0 0
"bombas" 0 0 0.00429110882251974 0 0 0.00975990630489947 0 0 0.00148738695859115 0.000865366309558836 0.000507459656957272 0 0 0
"bonaparte" 0 0 0 0 0 0.00975990630489947 0 0 0 0 0.000507459656957272 0 0 0
"bordo" 0 0 0.00143036960750658 0.00230841590729402 0 0.0761272691782159 0 0.00557351465834355 0.00297477391718229 0.00302878208345593 0.00101491931391454 0 0 0
"botafuego" 0 0 0 0 0 0.00585594378293968 0 0 0 0 0 0 0 0
"brigadier" 0 0 0 0 0 0.00975990630489947 0 0 0 0.00389414839301476 0.000507459656957272 0 0 0
"bucentauro" 0 0 0 0 0 0.0195198126097989 0 0 0 0 0 0 0 0
"buenos" 0.00758437618505878 0.00632571085175697 0.0157340656825724 0.0300094067948222 0.0130472428803568 0.00585594378293968 0.00831577780241712 0.00557351465834355 0.0327225130890052 0.128506896969487 0.0532832639805135 0.00949261948834781 0.00602504006651644 0.0051403310373188
"bum" 0 0 0 0 0 0.00975990630489947 0 0 0 0 0 0 0 0
"buque" 0.00568828213879408 0 0.00143036960750658 0.000577103976823504 0 0.0839351942221355 0 0 0.00446216087577344 0.0047595147025736 0.00608951588348726 0 0 0
"buques" 0.00189609404626469 0 0 0 0.00118611298912334 0.0292797189146984 0 0 0 0.00216341577389709 0.00811935451131635 0 0 0
"buscando" 0.00568828213879408 0 0.00429110882251974 0.00230841590729402 0.00474445195649338 0.0175678313488191 0.0138596296706952 0.0334410879500613 0 0.00432683154779418 0.00304475794174363 0 0.00241001602660658 0.0051403310373188
"caballerito" 0 0 0 0 0 0.00975990630489947 0 0 0 0 0 0 0 0
"caballo" 0.0948047023132347 0.0253028434070279 0.0243162833276119 0.0259696789570577 0.0106750169021101 0.00585594378293968 0.0859297039583102 0.0891762345334968 0.0371846739647787 0.047595147025736 0.0426266111844108 0.052209407185913 0.0807355368913203 0.0668243034851444
"cabo" 0.00189609404626469 0.00632571085175697 0.0128733264675592 0.00692524772188205 0.0106750169021101 0.0312317001756783 0.0166315556048342 0.00557351465834355 0.0148738695859115 0.00692293047647069 0.0106566527961027 0.0237315487208695 0.0108450721197296 0.0411226482985504
"cabos" 0 0.00316285542587848 0.00286073921501316 0.000577103976823504 0.00118611298912334 0.0156158500878392 0 0 0.00148738695859115 0 0.00101491931391454 0 0 0
"cádiz" 0 0 0 0.000577103976823504 0 0.126878781963693 0 0 0.00148738695859115 0.000432683154779418 0.000507459656957272 0 0 0
"caleta" 0 0 0 0 0 0.0214717938707788 0 0 0 0 0.000507459656957272 0 0 0
"calmado" 0 0 0.00143036960750658 0 0.00118611298912334 0.00585594378293968 0 0 0 0.000432683154779418 0.000507459656957272 0 0 0
"cámara" 0 0.00316285542587848 0 0.00115420795364701 0.00118611298912334 0.0429435877415577 0 0 0.00446216087577344 0.00129804946433825 0.0106566527961027 0 0.00120500801330329 0
"cañón" 0 0 0.00143036960750658 0.00173131193047051 0.00237222597824669 0.0331836814366582 0 0 0.00148738695859115 0.00389414839301476 0.00253729828478636 0.0047463097441739 0.00482003205321315 0
"cañonazo" 0 0 0 0 0 0.0156158500878392 0 0 0 0.00259609892867651 0 0 0 0
"cañonazos" 0 0 0.00143036960750658 0 0.00118611298912334 0.0117118875658794 0 0 0.00297477391718229 0.000432683154779418 0.00152237897087182 0 0 0
"cañones" 0 0 0 0.00173131193047051 0 0.0487995315244974 0.00277192593413904 0 0 0.00216341577389709 0.0035522175987009 0 0 0
"carpinteros" 0 0 0 0 0 0.00585594378293968 0 0 0 0 0 0 0.00120500801330329 0
"casacones" 0 0 0 0 0 0.0156158500878392 0 0 0 0 0 0 0 0
"casco" 0 0.00316285542587848 0.00429110882251974 0.00115420795364701 0 0.0273277376537185 0 0 0.00148738695859115 0.000865366309558836 0.00304475794174363 0 0 0
"cercano" 0 0.00316285542587848 0 0.00115420795364701 0 0.0136638688268593 0.00277192593413904 0 0 0.00259609892867651 0.00304475794174363 0 0 0
"cesaba" 0 0 0.00143036960750658 0 0.00355833896737003 0.00780792504391958 0.00277192593413904 0 0 0 0 0 0.00120500801330329 0
"chicos" 0 0.00632571085175697 0.00429110882251974 0.00115420795364701 0.00237222597824669 0.0156158500878392 0.00554385186827808 0 0.00148738695859115 0 0 0 0 0
"churruca" 0 0 0 0 0 0.0468475502635175 0 0 0 0 0 0 0 0
"cierta" 0.0208570345089116 0.0284656988329063 0.0071518480375329 0.0126962874901171 0.00118611298912334 0.0331836814366582 0.00554385186827808 0.00557351465834355 0.00743693479295574 0.0095190294051472 0.00964173348218817 0.0047463097441739 0.0108450721197296 0.0359823172612316
"cirujano" 0 0.00316285542587848 0 0 0 0.00975990630489947 0 0 0.00594954783436459 0.000432683154779418 0 0 0.00120500801330329 0
"cisneros" 0 0 0 0 0 0.0117118875658794 0 0 0 0 0 0 0 0
"cisniega" 0 0 0 0 0 0.0117118875658794 0 0 0 0 0 0 0 0
"cojo" 0 0 0 0 0.00237222597824669 0.00780792504391958 0.00277192593413904 0 0.00297477391718229 0 0 0 0 0
"coleto" 0 0 0 0.00230841590729402 0 0.00585594378293968 0 0 0 0 0 0 0 0
"collingwood" 0 0 0 0 0 0.0175678313488191 0 0 0 0 0 0 0 0
"comandante" 0 0 0 0 0.00118611298912334 0.0507515127854773 0 0 0 0.0324512366084564 0.00101491931391454 0 0.00120500801330329 0
"combate" 0.00189609404626469 0.00316285542587848 0 0.000577103976823504 0.00355833896737003 0.121022838180753 0.00277192593413904 0 0.00148738695859115 0.00735561363125011 0.0152237897087182 0.0047463097441739 0 0
"combatientes" 0 0 0 0 0.00237222597824669 0.00975990630489947 0 0 0 0.000432683154779418 0.00202983862782909 0 0.00120500801330329 0
"combés" 0 0 0 0 0 0.0136638688268593 0 0 0 0 0 0 0 0
"combinada" 0 0 0 0.000577103976823504 0 0.0253757563927386 0 0 0 0.00129804946433825 0 0 0 0
"comentarios" 0 0 0 0.000577103976823504 0.00237222597824669 0.00780792504391958 0 0 0 0 0.00152237897087182 0 0 0
"comprenderá" 0 0.00948856627763545 0 0.00115420795364701 0 0.00780792504391958 0 0 0 0 0.000507459656957272 0 0 0
"comprendí" 0 0 0 0 0 0.0234237751317587 0 0 0 0 0 0 0.00482003205321315 0.0668243034851444
"consideraba" 0.00379218809252939 0.00316285542587848 0.00286073921501316 0 0 0.00975990630489947 0 0 0.00594954783436459 0.000432683154779418 0 0.0047463097441739 0.00120500801330329 0
"consistía" 0 0.00632571085175697 0.00143036960750658 0 0.00474445195649338 0.0214717938707788 0 0 0.00148738695859115 0 0 0 0.00482003205321315 0
"consternación" 0.00189609404626469 0 0 0 0 0.00780792504391958 0 0 0 0 0 0 0 0
"construiría" 0 0 0 0 0 0.00585594378293968 0 0 0 0 0 0 0 0
"contemplando" 0 0 0 0.00115420795364701 0.00118611298912334 0.00780792504391958 0.00554385186827808 0 0 0.00173073261911767 0 0 0 0
"contramaestre" 0 0 0 0 0 0.00975990630489947 0 0 0.00148738695859115 0 0 0 0 0
"coraje" 0 0.00316285542587848 0 0 0 0.0136638688268593 0.00277192593413904 0 0.00297477391718229 0.00173073261911767 0.000507459656957272 0 0 0
"córdova" 0 0 0 0.00115420795364701 0 0.0117118875658794 0 0 0 0 0.000507459656957272 0 0 0
"corneta" 0 0 0 0.00230841590729402 0.00474445195649338 0.0195198126097989 0.00277192593413904 0 0 0.000432683154779418 0 0 0 0
"corrí" 0 0 0 0.000577103976823504 0 0.0175678313488191 0 0 0.00148738695859115 0 0 0 0 0.0051403310373188
"corría" 0.0132726583238529 0.00632571085175697 0.0100125872525461 0.000577103976823504 0.00593056494561672 0.0195198126097989 0 0 0.00297477391718229 0.00302878208345593 0.00202983862782909 0 0.00241001602660658 0.0102806620746376
"corrían" 0 0.00948856627763545 0.00429110882251974 0 0.00118611298912334 0.0136638688268593 0 0 0 0.00216341577389709 0.00101491931391454 0 0.00120500801330329 0
"corrimos" 0 0 0 0 0 0.00585594378293968 0 0 0.00297477391718229 0 0 0 0 0
"costa" 0.00379218809252939 0.00316285542587848 0.00286073921501316 0.00403972783776453 0 0.0351356626976381 0.00277192593413904 0.00557351465834355 0.0237981913374584 0.0155765935720591 0.02232822490612 0 0.00241001602660658 0
"costado" 0 0 0.00286073921501316 0.00230841590729402 0.00830279092386341 0.0253757563927386 0.00277192593413904 0 0.00446216087577344 0.00302878208345593 0.00304475794174363 0.0047463097441739 0 0
"costados" 0 0 0 0.000577103976823504 0.00593056494561672 0.0117118875658794 0 0 0.00148738695859115 0.000432683154779418 0.00202983862782909 0 0 0
"creí" 0.00189609404626469 0 0.0071518480375329 0.00288551988411752 0.00118611298912334 0.0195198126097989 0 0.0278675732917178 0.00297477391718229 0.00259609892867651 0.00101491931391454 0 0 0.0308419862239128
"creíamos" 0 0 0 0.00115420795364701 0 0.00780792504391958 0 0 0 0.000432683154779418 0 0 0 0
"creo" 0.0265453166477057 0.0189771325552709 0.00429110882251974 0.00403972783776453 0.0154194688586035 0.0487995315244974 0 0.00557351465834355 0.0133864826273203 0.0467297807161772 0.0035522175987009 0.0474630974417391 0.0313302083458855 0.0411226482985504
"cuadernas" 0 0 0 0 0 0.00975990630489947 0 0 0 0 0 0 0 0
"cual" 0.09290860826697 0.0537685422399342 0.0972651333104474 0.0871427005003492 0.0699806663582773 0.111262931875854 0.0415788890120856 0.0891762345334968 0.0193360304616849 0.0224995240485297 0.0289252004465645 0.0332241682092173 0.0566353766252546 0.0411226482985504
"cuarenta" 0.0189609404626469 0 0.00572147843002632 0.00173131193047051 0.00711667793474006 0.0234237751317587 0.00554385186827808 0 0.00743693479295574 0.00908634625036778 0.00558205622652999 0 0.0120500801330329 0
"cubierta" 0.00948047023132347 0.00632571085175697 0.00286073921501316 0.00346262386094103 0.0118611298912334 0.037087643958618 0.00277192593413904 0 0.00446216087577344 0.00649024732169127 0.00507459656957272 0.0047463097441739 0.0120500801330329 0.0154209931119564
"cuerpo" 0.0417140690178233 0.0411171205364203 0.0214555441125987 0.0184673272583521 0.0213500338042202 0.0624634003513566 0.0194034815389733 0.00557351465834355 0.0252855782960495 0.0333166029180152 0.0329848777022227 0.0332241682092173 0.0156651041729427 0.0154209931119564
"cuerpos" 0.00189609404626469 0.00632571085175697 0 0.00288551988411752 0.00355833896737003 0.0234237751317587 0 0 0 0.00259609892867651 0.00152237897087182 0 0 0
"cuña" 0 0 0 0 0 0.00585594378293968 0 0 0 0 0 0 0 0
"curiosidad" 0.0151687523701176 0.00948856627763545 0.00143036960750658 0.00288551988411752 0.00118611298912334 0.0195198126097989 0 0 0.00594954783436459 0.00519219785735302 0.00152237897087182 0.0047463097441739 0.00964006410642631 0.0051403310373188
"custodiaban" 0 0 0 0 0 0.00780792504391958 0 0 0 0 0 0 0.00120500801330329 0
"d" 0.102389078498294 0 0.00572147843002632 0.1252315629707 0.00118611298912334 0.18934218231505 0 0 0 0.00173073261911767 0.00761189485435908 0.365465850301391 0.00120500801330329 0.0051403310373188
"de" 5.1554797117937 5.48122845304741 4.80318114200709 5.1708516323386 5.52610041632566 5.00292797189147 3.11564474997228 5.78530821536061 4.59751308900524 5.87670260821406 6.84309347406881 4.84123593905738 5.48760649258318 4.79592885781844
"débora" 0 0 0 0 0 0.00975990630489947 0 0 0 0 0 0 0 0
"demostrando" 0 0.00316285542587848 0 0 0 0.00585594378293968 0 0 0 0 0.00101491931391454 0 0 0
"desahogo" 0.00189609404626469 0 0 0 0 0.00585594378293968 0 0 0.00148738695859115 0 0 0 0 0.0051403310373188
"desarbolado" 0 0 0 0 0 0.00780792504391958 0 0 0 0 0 0 0 0
"desastre" 0 0 0 0.000577103976823504 0 0.0195198126097989 0 0 0 0.000432683154779418 0.000507459656957272 0 0 0
"desastres" 0 0 0 0.00115420795364701 0 0.0136638688268593 0 0 0.00148738695859115 0 0.000507459656957272 0 0 0
"desastroso" 0 0 0 0 0 0.00585594378293968 0 0 0 0 0 0 0 0
"desde" 0.0663632916192643 0.0759085302210836 0.0801006980203685 0.0530935658677624 0.0865862482060041 0.130782744485653 0.00554385186827808 0.111470293166871 0.0371846739647787 0.100382491908825 0.0507459656957272 0.0759409559067825 0.110860737223903 0.0668243034851444
"desesperación" 0.0170648464163823 0 0 0.000577103976823504 0.00118611298912334 0.0156158500878392 0 0.00557351465834355 0.00148738695859115 0.00216341577389709 0.00101491931391454 0.0047463097441739 0.00482003205321315 0.0411226482985504
"después" 0.108077360637088 0.107537084479868 0.0829614372353816 0.0502080459836449 0.113866846955841 0.203006051141909 0.00554385186827808 0.323263850183926 0.0743693479295574 0.14841032208934 0.0451639094691972 0.180359770278608 0.139780929543181 0.200472910455433
"destrozo" 0 0 0 0.000577103976823504 0 0.00780792504391958 0 0 0 0.000432683154779418 0 0 0 0
"desventuras" 0.00189609404626469 0 0 0 0 0.00780792504391958 0 0 0.00297477391718229 0 0.000507459656957272 0 0 0
"devoto" 0 0 0 0 0 0.00585594378293968 0 0 0.00148738695859115 0 0 0 0.00120500801330329 0
"dice" 0.0265453166477057 0.0158142771293924 0.0586451539077698 0.151778345904582 0.0521889715214271 0.0175678313488191 0.0138596296706952 0.00557351465834355 0.0342099000475964 0.0441336817875006 0.0710443519740181 0.0332241682092173 0.0397652644390085 0.0308419862239128
"difícilmente" 0 0.00316285542587848 0 0.000577103976823504 0 0.00780792504391958 0 0 0 0.000432683154779418 0 0 0 0
"díganme" 0 0 0 0 0 0.00585594378293968 0 0 0 0 0 0 0 0
"digo" 0.00189609404626469 0.0126514217035139 0.0314681313651448 0.00692524772188205 0.0332111636954536 0.0448955690025376 0.072070074287615 0 0.0371846739647787 0.0168746430363973 0.00456713691261545 0.0047463097441739 0.0216901442394592 0.0051403310373188
"dijeron" 0 0.00316285542587848 0.00572147843002632 0.00346262386094103 0.00237222597824669 0.0234237751317587 0.00277192593413904 0.00557351465834355 0.010411708710138 0.00389414839301476 0.00202983862782909 0 0.00843505609312302 0.0308419862239128
"dionisio" 0 0 0 0.00115420795364701 0.00118611298912334 0.00780792504391958 0 0 0 0 0 0 0 0
"disparando" 0 0 0 0.000577103976823504 0.00118611298912334 0.00585594378293968 0.00277192593413904 0 0 0 0 0 0 0
"disparo" 0 0 0 0 0 0.00585594378293968 0 0 0 0 0 0 0 0
"disparó" 0 0 0 0 0.00237222597824669 0.0136638688268593 0.00277192593413904 0 0.00297477391718229 0 0 0.00949261948834781 0 0
"disparos" 0 0 0 0 0 0.00585594378293968 0 0 0 0.000432683154779418 0 0 0 0
"dispusieron" 0 0 0 0 0 0.00585594378293968 0 0 0 0.000432683154779418 0.000507459656957272 0.0047463097441739 0.00120500801330329 0
"diversa" 0 0 0.00143036960750658 0 0 0.00585594378293968 0 0 0 0 0.00101491931391454 0 0 0
"docenas" 0 0 0 0.00173131193047051 0 0.00780792504391958 0 0 0 0.00216341577389709 0 0 0 0
"don" 0.0511945392491468 0.0664199639434482 0.124442155853072 0.114843691387877 0.725901149343486 0.0195198126097989 0.0166315556048342 0.0111470293166871 0.10411708710138 0.385088007753682 0.0162387090226327 0 0.627809174931013 0.113087282821014
"doña" 0 0 0.0429110882251974 0.0155818073742346 0.0438861805975637 0.130782744485653 0 0 0.00297477391718229 0.0990844424444867 0.000507459656957272 0 0.275946835046453 0
"dumanoir" 0 0 0 0 0 0.00780792504391958 0 0 0 0 0 0 0 0
"durante" 0.0170648464163823 0.00948856627763545 0 0.00403972783776453 0.00593056494561672 0.0468475502635175 0.00277192593413904 0.105896778508527 0 0.010384395714706 0.0137014107378463 0.0047463097441739 0.0192801282128526 0.0411226482985504
"edad" 0.0151687523701176 0.0347914096846633 0.017164435290079 0.00981076760599957 0.00830279092386341 0.0409916064805778 0 0.0222940586333742 0.0223108043788672 0.0164419598816179 0.00862681416827362 0.0237315487208695 0.0253051682793691 0.0051403310373188
"embarcación" 0 0 0 0.00115420795364701 0 0.00975990630489947 0 0 0.00148738695859115 0.00389414839301476 0 0 0 0
"embustero" 0 0 0 0.000577103976823504 0.00118611298912334 0.0117118875658794 0 0 0.00148738695859115 0 0 0 0 0
"empeño" 0.00189609404626469 0 0.00286073921501316 0.00288551988411752 0.00711667793474006 0.0195198126097989 0.0110877037365562 0 0.00594954783436459 0.00432683154779418 0.00761189485435908 0 0.00482003205321315 0
"emperador" 0 0 0 0.00288551988411752 0.00118611298912334 0.0136638688268593 0 0 0 0.000865366309558836 0.00304475794174363 0 0 0
"encontraba" 0.0151687523701176 0.0189771325552709 0.0071518480375329 0.000577103976823504 0 0.0195198126097989 0.0138596296706952 0.00557351465834355 0.00297477391718229 0.00649024732169127 0 0.0189852389766956 0.00361502403990987 0.0102806620746376
"encontré" 0.00189609404626469 0.0126514217035139 0.00286073921501316 0.00115420795364701 0.00118611298912334 0.0195198126097989 0.00277192593413904 0.00557351465834355 0.00148738695859115 0.000432683154779418 0 0.0047463097441739 0.00120500801330329 0.0308419862239128
"endeble" 0 0.00316285542587848 0 0.000577103976823504 0 0.00780792504391958 0 0 0 0 0.000507459656957272 0 0 0
"enemigo" 0.00379218809252939 0.0158142771293924 0.0128733264675592 0.00750235169870556 0.00593056494561672 0.0390396252195979 0.0110877037365562 0 0.010411708710138 0.0194707419650738 0.0218207652491627 0.0047463097441739 0.00723004807981973 0.0154209931119564
"enemigos" 0.00189609404626469 0 0.00286073921501316 0.00519393579141154 0.0130472428803568 0.0448955690025376 0 0 0.010411708710138 0.0224995240485297 0.00659697554044453 0.0047463097441739 0.00361502403990987 0.0051403310373188
"enfermería" 0 0 0 0 0 0.00780792504391958 0 0 0.00148738695859115 0 0 0 0 0
"engaño" 0.00379218809252939 0 0 0.00230841590729402 0.00118611298912334 0.00975990630489947 0.00277192593413904 0.00557351465834355 0.00148738695859115 0 0.00152237897087182 0 0.00120500801330329 0
"enteré" 0 0.00316285542587848 0 0 0 0.00585594378293968 0 0 0 0 0 0 0 0
"entereza" 0 0 0 0 0 0.00780792504391958 0 0 0 0.000865366309558836 0.00202983862782909 0 0.00120500801330329 0
"entonces" 0.149791429654911 0.0632571085175697 0.0514933058702369 0.0265467829338812 0.0770973442930174 0.134686707007613 0.0332631112096685 0.156058410433619 0.0743693479295574 0.101247858218384 0.0248655231909063 0.109165124116 0.0819405449046236 0.12850827593297
"entristeció" 0 0.00316285542587848 0 0 0 0.00585594378293968 0 0 0 0 0.000507459656957272 0 0 0
"entusiasmo" 0.0170648464163823 0.00948856627763545 0.00429110882251974 0.00173131193047051 0.00355833896737003 0.0390396252195979 0 0.0167205439750307 0.00446216087577344 0.0224995240485297 0.00862681416827362 0 0.00361502403990987 0.0102806620746376
"era" 0.316647705726204 0.303634120884334 0.437693099897013 0.0623272294969385 0.304831038204699 0.413820027327738 0.31877148242599 0.312116820867239 0.343586387434555 0.2228318247114 0.1116411245306 0.284778584650434 0.472363141214889 0.303279531201809
"eran" 0.0511945392491468 0.0347914096846633 0.0729488499828356 0.0173131193047051 0.0711667793474006 0.0975990630489947 0.0471227408803637 0.0724556905584662 0.0654450261780105 0.0532200280378684 0.029940119760479 0.0711946461626086 0.156651041729428 0.0308419862239128
"es" 0.517633674630262 0.389031217383053 0.499198993019796 1.11150225936207 0.806556832603874 0.322076908061683 0.920279410134161 0.256381674283803 0.639576392194193 0.695321829730525 0.66781690855577 0.450899425696521 0.498873317507561 0.478050786470649
"esa" 0.0701554797117937 0.0506056868140557 0.160201396040737 0.0363575505398808 0.072352892336524 0.0214717938707788 0.155227852311786 0.117043807825215 0.0163612565445026 0.189082538638606 0.0537907236374708 0.0569557169300869 0.277151843059756 0.0873856276344197
"escotilla" 0 0 0 0 0 0.00780792504391958 0 0 0 0 0 0 0 0
"escotillas" 0 0 0 0 0 0.00585594378293968 0 0 0 0 0 0 0 0
"escuadra" 0 0 0.00286073921501316 0.000577103976823504 0.00237222597824669 0.160062463400351 0 0 0 0.00389414839301476 0.000507459656957272 0 0 0
"escuadras" 0 0 0 0.000577103976823504 0 0.0175678313488191 0 0 0 0.000432683154779418 0 0 0 0
"ese" 0.106181266590823 0.0506056868140557 0.160201396040737 0.0467454221227038 0.0747251183147707 0.0390396252195979 0.127508592970396 0.150484895775276 0.0342099000475964 0.201630350127209 0.0568354815792145 0.0901798851393042 0.354272355911167 0.154209931119564
"espacio" 0.0132726583238529 0.00948856627763545 0.00143036960750658 0.0103878715828231 0.00237222597824669 0.0273277376537185 0 0 0.00148738695859115 0.00995171255992662 0.00862681416827362 0.0047463097441739 0.00602504006651644 0
"españoles" 0.00189609404626469 0 0.00286073921501316 0.0248154710034107 0 0.0292797189146984 0 0 0.00297477391718229 0.00216341577389709 0.0187760073074191 0.0142389292325217 0.00361502403990987 0.0051403310373188
"estábamos" 0.00189609404626469 0 0 0.00115420795364701 0.00355833896737003 0.0136638688268593 0.00277192593413904 0.00557351465834355 0.00594954783436459 0 0 0 0.00120500801330329 0.0102806620746376
"éstos" 0 0 0.0114429568600526 0.0103878715828231 0.00948890391298675 0.0312317001756783 0.00277192593413904 0.00557351465834355 0.0461089957163256 0.00302878208345593 0.00964173348218817 0 0.0313302083458855 0
"estratagema" 0 0 0 0.000577103976823504 0 0.00585594378293968 0 0 0 0 0 0 0 0
"estrecho" 0.00379218809252939 0 0 0.000577103976823504 0.00355833896737003 0.0156158500878392 0 0 0 0.00389414839301476 0.00152237897087182 0 0 0.0051403310373188
"estribor" 0 0 0 0 0 0.0273277376537185 0 0 0 0.000432683154779418 0 0 0 0
"estruendo" 0 0 0.00143036960750658 0.00288551988411752 0.00118611298912334 0.00975990630489947 0 0.00557351465834355 0 0 0.00152237897087182 0 0 0
"estupor" 0 0.00316285542587848 0 0 0 0.00585594378293968 0 0 0 0.000432683154779418 0 0 0.00120500801330329 0
"estuve" 0.00379218809252939 0 0.00286073921501316 0.00288551988411752 0.00355833896737003 0.0195198126097989 0.00831577780241712 0 0.00594954783436459 0.000432683154779418 0 0 0.00482003205321315 0.0205613241492752
"excitación" 0 0 0 0 0 0.00585594378293968 0 0 0.00148738695859115 0.000432683154779418 0.000507459656957272 0.0047463097441739 0 0
"expedito" 0 0 0 0.00115420795364701 0 0.00585594378293968 0 0 0 0.000432683154779418 0 0 0 0
"expresar" 0.00189609404626469 0 0.00286073921501316 0.00692524772188205 0.00118611298912334 0.0156158500878392 0 0.00557351465834355 0 0.000865366309558836 0.0035522175987009 0 0 0
"ezguerra" 0 0 0 0 0 0.00585594378293968 0 0 0 0 0 0 0 0
"facha" 0 0 0.00143036960750658 0 0 0.0136638688268593 0.00277192593413904 0 0 0 0 0 0 0
"figuraba" 0 0.00316285542587848 0.00572147843002632 0.000577103976823504 0.00355833896737003 0.00975990630489947 0 0 0 0 0 0 0 0
"figúrense" 0 0 0 0.000577103976823504 0 0.00585594378293968 0 0 0 0 0 0 0.00120500801330329 0
"finisterre" 0 0 0 0 0 0.0136638688268593 0 0 0 0 0 0 0 0
"flora" 0 0 0 0.00115420795364701 0 0.0409916064805778 0 0 0 0 0.00101491931391454 0 0 0
"forjado" 0 0.00316285542587848 0 0.00173131193047051 0 0.00780792504391958 0 0 0.00148738695859115 0 0 0 0 0
"fragata" 0 0 0 0 0 0.0273277376537185 0 0 0.00148738695859115 0 0 0 0.00120500801330329 0
"fragatas" 0 0 0 0 0 0.0156158500878392 0 0 0 0.000432683154779418 0 0 0 0
"franceses" 0 0 0 0.00923366362917607 0 0.0273277376537185 0 0 0 0.0155765935720591 0.00304475794174363 0 0 0
"francisca" 0 0 0.00143036960750658 0.00173131193047051 0.00948890391298675 0.0917431192660551 0 0 0 0 0.000507459656957272 0.00949261948834781 0.0469953125188282 0
"fue" 0.119453924914676 0.0948856627763545 0.193099897013388 0.00115420795364701 0.167241931466391 0.17958227601015 0.0110877037365562 0.0891762345334968 0.179973821989529 0.0874019972654425 0.108088906931899 0.113911433860174 0.17593116994228 0.0822452965971009
"fuego" 0.0511945392491468 0.0189771325552709 0.0071518480375329 0.0121191835132936 0.0154194688586035 0.0663673628733164 0.0221754074731123 0.0111470293166871 0.00446216087577344 0.0168746430363973 0.0243580635339491 0.0379704779533912 0.0132550881463362 0.0205613241492752
"fuertes" 0.00758437618505878 0.0126514217035139 0.00429110882251974 0.00288551988411752 0.00830279092386341 0.0234237751317587 0 0 0 0.00692293047647069 0.00862681416827362 0 0.00602504006651644 0
"furia" 0 0.00316285542587848 0.00429110882251974 0.00230841590729402 0 0.0117118875658794 0.00277192593413904 0 0.00446216087577344 0.000432683154779418 0.000507459656957272 0 0.00120500801330329 0
"furiosa" 0 0.00316285542587848 0.00286073921501316 0 0.00118611298912334 0.00780792504391958 0 0 0.00446216087577344 0 0 0 0 0
"gabriel" 0 0 0.00143036960750658 0.00115420795364701 0 0.00780792504391958 0 0 0 0.00129804946433825 0 0 0 0
"gabrielillo" 0 0 0 0 0 0.0175678313488191 0 0 0 0 0 0 0 0
"galiano" 0 0 0 0 0 0.0273277376537185 0 0 0 0 0 0 0 0
"gavias" 0 0 0 0 0 0.00585594378293968 0 0 0 0 0 0 0 0
"gibraltar" 0 0 0 0 0 0.0234237751317587 0 0 0 0 0 0 0 0
"glorioso" 0 0.00632571085175697 0.00143036960750658 0.00230841590729402 0 0.0156158500878392 0 0 0.00148738695859115 0 0.00710443519740181 0 0 0
"gloriosos" 0 0 0 0 0 0.00780792504391958 0 0 0 0 0.0035522175987009 0 0 0
"godoy" 0 0 0 0.000577103976823504 0 0.0175678313488191 0 0 0 0 0 0 0 0
"golosinas" 0 0.00316285542587848 0.00143036960750658 0 0 0.00585594378293968 0 0 0 0 0.000507459656957272 0 0 0.0051403310373188
"gran" 0.0549867273416761 0.0347914096846633 0.0486325666552237 0.0398201744008218 0.0249083727715902 0.134686707007613 0.0277192593413904 0 0.0163612565445026 0.0536527111926478 0.0664772150614026 0.052209407185913 0.0951956330509598 0.0359823172612316
"grandes" 0.0511945392491468 0.0189771325552709 0.0214555441125987 0.0225070550961167 0.0154194688586035 0.0644153816123365 0 0.0111470293166871 0.00594954783436459 0.0242302566676474 0.0421191515274536 0.0284778584650434 0.0554303686119513 0.0051403310373188
"gravedad" 0.00568828213879408 0.00316285542587848 0.00286073921501316 0.00115420795364701 0.00118611298912334 0.0312317001756783 0 0 0.00594954783436459 0.00605756416691185 0 0 0.00964006410642631 0.0102806620746376
"gravemente" 0 0.00632571085175697 0 0 0 0.0136638688268593 0 0 0.00297477391718229 0.00216341577389709 0.000507459656957272 0 0 0.0102806620746376
"gravina" 0 0 0 0 0 0.0585594378293968 0 0 0 0 0 0 0 0
"grumete" 0 0 0 0 0 0.00585594378293968 0 0 0 0 0 0 0 0
"guerra" 0 0.00948856627763545 0.0114429568600526 0.0265467829338812 0.00593056494561672 0.0800312317001757 0.0277192593413904 0 0.0118990956687292 0.018605375655515 0.0532832639805135 0.00949261948834781 0.00482003205321315 0.0051403310373188
"guerras" 0 0 0 0.00230841590729402 0.00237222597824669 0.0175678313488191 0 0 0 0.00562488101213244 0.0121790317669745 0 0 0
"había" 0.364050056882821 0.256191289496157 0.224568028378533 0.0167360153278816 0.288225456356973 0.347452664454421 0.00554385186827808 0.590792553784416 0.243931461208948 0.271725021201475 0.0614026184918299 0.536333001091651 0.522973477773627 0.709365683149995
"habíamos" 0.00189609404626469 0.00316285542587848 0.00429110882251974 0.00288551988411752 0.00355833896737003 0.0136638688268593 0 0.00557351465834355 0.00446216087577344 0.000865366309558836 0.000507459656957272 0 0 0.0051403310373188
"habían" 0.0417140690178233 0.0664199639434482 0.0429110882251974 0.00692524772188205 0.0782834572821407 0.0858871754831154 0 0.17277895440865 0.0490837696335079 0.0501912459544125 0.0172536283365472 0.0664483364184347 0.10242568113078 0.154209931119564
"hablé" 0 0.00316285542587848 0 0.000577103976823504 0.00118611298912334 0.00975990630489947 0 0.0222940586333742 0 0 0.00202983862782909 0 0.00120500801330329 0
"habría" 0.00568828213879408 0.0158142771293924 0.00858221764503948 0.00865655965235256 0.0166055818477268 0.0546554753074371 0 0.0445881172667484 0.00743693479295574 0.0177400093459561 0.01116411245306 0.0142389292325217 0.0397652644390085 0.0154209931119564
"hachas" 0 0 0 0 0 0.00585594378293968 0 0 0 0 0.000507459656957272 0 0 0
"hay" 0.0417140690178233 0.101211373628111 0.0829614372353816 0.137927850460818 0.174358609401132 0.0175678313488191 0.207894445060428 0.0278675732917178 0.0818062827225131 0.142785441077208 0.1674616867959 0.0617020266742608 0.0686854567582874 0.102806620746376
"herida" 0.00948047023132347 0.0158142771293924 0.00286073921501316 0.00288551988411752 0.00593056494561672 0.0331836814366582 0.00554385186827808 0 0.00148738695859115 0.00692293047647069 0.00304475794174363 0.0237315487208695 0.00241001602660658 0
"heridas" 0 0 0.00143036960750658 0 0.00355833896737003 0.0195198126097989 0 0 0 0.00865366309558836 0.00507459656957272 0.0047463097441739 0.00241001602660658 0
"herido" 0.00758437618505878 0.00316285542587848 0.00286073921501316 0.00173131193047051 0.00355833896737003 0.0527034940464572 0.00554385186827808 0.00557351465834355 0.00148738695859115 0.0116824451790443 0.00405967725565818 0.0142389292325217 0.00964006410642631 0
"heridos" 0 0.00316285542587848 0 0.00288551988411752 0.00237222597824669 0.0624634003513566 0 0.00557351465834355 0.00148738695859115 0.00173073261911767 0.000507459656957272 0 0.00120500801330329 0
"hermenegildo" 0 0 0 0.000577103976823504 0 0.0156158500878392 0 0 0 0 0 0 0 0
"heroicamente" 0 0 0 0 0 0.00585594378293968 0 0 0 0 0 0 0 0
"heroico" 0.00189609404626469 0.00316285542587848 0 0 0 0.0156158500878392 0 0 0 0.00129804946433825 0.00152237897087182 0 0.00120500801330329 0
"heroísmo" 0.00189609404626469 0 0 0.000577103976823504 0 0.0117118875658794 0 0 0 0.000432683154779418 0.00202983862782909 0 0 0
"hice" 0.00379218809252939 0.00316285542587848 0.00429110882251974 0.00288551988411752 0.0118611298912334 0.0273277376537185 0.0415788890120856 0.0222940586333742 0.0520585435506901 0.00259609892867651 0.00202983862782909 0.0047463097441739 0.00482003205321315 0.0154209931119564
"hicieran" 0 0 0.00429110882251974 0 0.00118611298912334 0.0117118875658794 0 0 0.00446216087577344 0 0.000507459656957272 0 0.00120500801330329 0
"hirió" 0.00189609404626469 0.00316285542587848 0 0 0 0.00585594378293968 0 0 0 0 0 0 0.00120500801330329 0
"honrosos" 0 0 0 0 0 0.00585594378293968 0 0 0 0 0.000507459656957272 0 0 0
"horrenda" 0 0 0 0.00115420795364701 0 0.00780792504391958 0 0 0 0 0 0 0 0
"hubiera" 0.0587789154342055 0 0.027177022542625 0.0103878715828231 0.0474445195649338 0.0819832129611556 0.0221754074731123 0.0278675732917178 0.0446216087577344 0.0177400093459561 0.0258804425048209 0.0569557169300869 0.0409702724523118 0.0565436414105068
"hubiéramos" 0 0 0 0.00115420795364701 0.00237222597824669 0.00780792504391958 0 0 0.00148738695859115 0.000432683154779418 0 0 0 0
"hundirse" 0.00189609404626469 0 0.00143036960750658 0.00115420795364701 0 0.00585594378293968 0 0 0 0 0 0 0 0
"idea" 0.00948047023132347 0.0506056868140557 0.0314681313651448 0.0155818073742346 0.0142333558694801 0.0487995315244974 0.0110877037365562 0.00557351465834355 0 0.0263936724415445 0.0334923373591799 0.00949261948834781 0.00241001602660658 0.0462629793358692
"ildefonso" 0 0 0 0.000577103976823504 0 0.0195198126097989 0 0 0 0.000432683154779418 0 0 0 0
"ileso" 0.00189609404626469 0 0 0 0 0.00780792504391958 0 0 0 0 0 0 0 0
"impedía" 0 0 0 0 0 0.00975990630489947 0 0 0 0.000865366309558836 0.000507459656957272 0 0.00120500801330329 0.0051403310373188
"impulsaba" 0 0.00316285542587848 0 0 0 0.00585594378293968 0 0 0 0 0 0 0 0
"indicaba" 0 0 0 0 0.00118611298912334 0.0117118875658794 0 0 0.00148738695859115 0.000865366309558836 0.000507459656957272 0.00949261948834781 0 0
"indicó" 0.00189609404626469 0.00316285542587848 0 0 0.00118611298912334 0.0117118875658794 0 0 0 0.000865366309558836 0 0 0.00241001602660658 0
"infundía" 0 0.00316285542587848 0 0.00115420795364701 0 0.00780792504391958 0 0 0 0 0 0 0 0
"inglés" 0.0360257868790292 0.00316285542587848 0 0.0190444312351756 0.00118611298912334 0.0605114190903767 0.00277192593413904 0 0.00446216087577344 0.0203361082746327 0.0131939510808891 0 0 0.0051403310373188
"inglesa" 0.00379218809252939 0.00948856627763545 0.00286073921501316 0.00403972783776453 0.00118611298912334 0.0214717938707788 0 0 0.00297477391718229 0.00302878208345593 0.00202983862782909 0 0.00120500801330329 0
"inglesas" 0 0.00632571085175697 0 0 0 0.00585594378293968 0 0 0 0.000432683154779418 0 0 0 0
"ingleses" 0.00189609404626469 0.00632571085175697 0 0.00346262386094103 0 0.144446613312512 0 0 0.00148738695859115 0.00432683154779418 0.00507459656957272 0 0 0.0051403310373188
"invadía" 0 0 0 0 0 0.00585594378293968 0 0 0 0.000432683154779418 0 0.0047463097441739 0.00120500801330329 0
"irás" 0 0 0 0.000577103976823504 0.00118611298912334 0.0136638688268593 0.00277192593413904 0 0.00148738695859115 0.00302878208345593 0 0 0.00241001602660658 0.0051403310373188
"islas" 0.00189609404626469 0 0 0.000577103976823504 0 0.00975990630489947 0 0 0.00148738695859115 0 0.00456713691261545 0.0047463097441739 0.00120500801330329 0
"jefe" 0.00189609404626469 0.00316285542587848 0.00143036960750658 0.00288551988411752 0.00118611298912334 0.037087643958618 0 0 0.00743693479295574 0.0350473355371329 0.0106566527961027 0.0047463097441739 0.00482003205321315 0.0051403310373188
"jerwis" 0 0 0 0 0 0.00585594378293968 0 0 0 0 0 0 0 0
"juzgando" 0.00568828213879408 0 0 0.000577103976823504 0 0.00585594378293968 0 0 0 0 0 0 0 0
"lancé" 0 0 0 0 0 0.00585594378293968 0 0 0 0 0 0 0 0
"lancha" 0 0 0 0 0 0.0234237751317587 0 0.00557351465834355 0 0 0.00101491931391454 0 0 0
"lanchas" 0 0 0 0.000577103976823504 0 0.0331836814366582 0 0 0.00297477391718229 0 0 0 0 0
"las" 0.803943875616231 0.888762374671854 1.1299919899302 0.848919949907375 1.25134920352513 0.810072223306656 0.767823483756514 1.58845167762791 0.754105188005712 0.974835147718029 1.20572414493048 0.673975983672695 1.09535228409269 0.873856276344197
"leandro" 0 0 0 0 0 0.00780792504391958 0 0 0 0 0 0 0 0
"leva" 0 0 0.00429110882251974 0.000577103976823504 0 0.0156158500878392 0.00277192593413904 0 0 0.000865366309558836 0 0 0 0
"línea" 0.00189609404626469 0.00948856627763545 0 0.00288551988411752 0.00237222597824669 0.0527034940464572 0 0.00557351465834355 0 0.010384395714706 0.00913427382523089 0 0.00241001602660658 0
"llamé" 0 0 0 0 0 0.00585594378293968 0.00277192593413904 0.00557351465834355 0.00148738695859115 0 0 0 0 0
"llevábamos" 0 0 0 0 0 0.00780792504391958 0 0 0 0 0 0 0 0
"llevados" 0 0.00316285542587848 0 0 0 0.00975990630489947 0 0 0 0.000432683154779418 0.00152237897087182 0 0.00120500801330329 0
"lucha" 0.00568828213879408 0.0126514217035139 0.00143036960750658 0 0.00355833896737003 0.0273277376537185 0 0.0111470293166871 0 0.00692293047647069 0.0116715721100173 0.0189852389766956 0.00361502403990987 0
"luchaban" 0 0 0 0 0 0.00780792504391958 0 0 0 0 0 0.0047463097441739 0 0
"madrid" 0 0.0126514217035139 0 0.0282780948643517 0 0.0273277376537185 0 0 0.00148738695859115 0 0.00558205622652999 0 0 0
"magnitud" 0 0 0 0 0 0.00585594378293968 0 0 0 0 0.000507459656957272 0 0 0
"malespina" 0 0 0 0 0 0.111262931875854 0 0 0 0 0 0 0 0
"mandaba" 0 0.00316285542587848 0.00143036960750658 0.00230841590729402 0.00593056494561672 0.0234237751317587 0.0138596296706952 0 0.00148738695859115 0.00519219785735302 0.00304475794174363 0 0.00241001602660658 0.0154209931119564
"mandada" 0 0 0 0 0 0.00585594378293968 0 0 0 0.000432683154779418 0 0 0.00120500801330329 0
"mandado" 0.00189609404626469 0.00316285542587848 0.00429110882251974 0.00115420795364701 0.00711667793474006 0.0409916064805778 0 0 0.00148738695859115 0.00562488101213244 0.00101491931391454 0 0.00723004807981973 0.0051403310373188
"maniobra" 0 0.00316285542587848 0.00143036960750658 0 0.00118611298912334 0.0156158500878392 0 0 0.00297477391718229 0.000432683154779418 0 0 0 0
"maniobras" 0 0 0 0 0 0.0175678313488191 0 0 0 0 0.000507459656957272 0 0 0
"mantenía" 0.00189609404626469 0 0 0.000577103976823504 0.00237222597824669 0.00585594378293968 0 0 0 0 0 0 0 0
"mar" 0.0151687523701176 0.00948856627763545 0.044341457832704 0.0173131193047051 0.00118611298912334 0.117118875658794 0.0221754074731123 0 0.0237981913374584 0.00908634625036778 0.0487161270678981 0.0047463097441739 0.0120500801330329 0
"marcial" 0 0 0.00143036960750658 0.00173131193047051 0 0.171774350966231 0 0 0 0.000865366309558836 0.00304475794174363 0 0 0
"mares" 0 0.00316285542587848 0.00143036960750658 0.00115420795364701 0 0.0136638688268593 0 0 0.00148738695859115 0.000432683154779418 0.0106566527961027 0 0 0
"marina" 0 0.00316285542587848 0 0.00403972783776453 0 0.037087643958618 0 0 0 0.00302878208345593 0.0035522175987009 0 0 0
"marineras" 0 0 0 0 0 0.00585594378293968 0 0 0 0 0 0 0 0
"marinería" 0 0 0 0 0 0.00975990630489947 0 0 0 0 0 0 0 0
"marinero" 0.00189609404626469 0 0.00143036960750658 0.00115420795364701 0 0.0390396252195979 0 0 0 0 0.000507459656957272 0 0 0
"marineros" 0 0 0.00143036960750658 0.00115420795364701 0 0.0722233066562561 0 0 0.00148738695859115 0.00389414839301476 0.00152237897087182 0 0 0
"marino" 0 0 0 0.000577103976823504 0 0.0351356626976381 0 0 0.00148738695859115 0.00129804946433825 0.000507459656957272 0 0 0
"marinos" 0 0 0 0 0 0.0409916064805778 0 0 0 0 0.000507459656957272 0 0 0
"martinica" 0 0 0 0 0 0.00585594378293968 0 0 0 0 0.000507459656957272 0 0 0
"más" 0.517633674630262 0.39535692823481 0.49776862341229 0.339914242349044 0.389045060432457 0.585594378293968 0.0110877037365562 0.373425482109018 0.55777010947168 0.470759272400007 0.476504617882878 0.479377284161564 0.322942147565281 0.354682841574997
"mayor" 0.0549867273416761 0.0474428313881772 0.0286073921501316 0.0444370062154098 0.0403278416301937 0.0936951005270349 0.0554385186827808 0.0111470293166871 0.0669324131366016 0.0393741670849271 0.0482086674109408 0.0569557169300869 0.0723004807981973 0.0565436414105068
"me" 0.396283655669321 0.468102603030015 0.337567227371553 0.22564765493799 0.807742945592997 0.907671286355651 1.65206785674687 0.980938579868465 1.41301761066159 0.365184582633829 0.112148584187557 0.840096824718781 0.433802884789184 1.75285288372571
"medinasidonia" 0 0 0 0 0 0.0117118875658794 0 0 0 0 0 0 0 0
"mejicano" 0 0 0 0.000577103976823504 0 0.00585594378293968 0 0 0 0 0.00152237897087182 0 0 0
"mengua" 0 0 0 0 0.00118611298912334 0.00585594378293968 0 0 0 0 0.000507459656957272 0 0 0
"mentiroso" 0 0 0 0 0 0.00585594378293968 0.00277192593413904 0 0 0 0 0 0 0
"merodeo" 0 0 0 0 0 0.00585594378293968 0 0 0 0 0 0 0 0
"mesana" 0 0 0 0 0 0.00975990630489947 0 0 0 0 0 0 0 0
"metralla" 0 0 0 0 0 0.0136638688268593 0 0 0 0.000432683154779418 0.000507459656957272 0.0047463097441739 0 0
"mezcladas" 0 0 0 0 0 0.00585594378293968 0 0 0 0 0.00101491931391454 0 0 0
"mi" 0.527114144861585 0.230888446089129 0.313250944043941 0.109072651619642 0.440047918964761 0.860823736092133 0.584876372103337 1.75008360271988 1.00547358400762 0.343550424894858 0.104029229676241 0.450899425696521 0.386807572270356 1.37246838696412
"mí" 0.087220326128176 0.0695828193693266 0.0357592401876645 0.0282780948643517 0.068794553369154 0.169822369705251 0.0554385186827808 0.228514100992086 0.154688243693479 0.0605756416691185 0.0233431442200345 0.132896672836869 0.0554303686119513 0.221034234604709
"miré" 0.00189609404626469 0 0 0.000577103976823504 0 0.00780792504391958 0.00554385186827808 0.00557351465834355 0.00297477391718229 0 0 0 0 0
"mis" 0.144103147516117 0.0632571085175697 0.027177022542625 0.0328949266789397 0.072352892336524 0.201054069880929 0.152455926377647 0.640954185709508 0.270704426463589 0.0636044237525745 0.0233431442200345 0.0854335753951303 0.0337402243724921 0.149069600082245
"mole" 0.00189609404626469 0 0.00143036960750658 0 0 0.0136638688268593 0 0.00557351465834355 0 0.000865366309558836 0.000507459656957272 0 0.00120500801330329 0
"montañés" 0 0 0 0.000577103976823504 0 0.0136638688268593 0 0.0111470293166871 0 0 0 0 0.00120500801330329 0
"motones" 0 0 0 0 0 0.00585594378293968 0 0 0 0 0 0 0 0
"mr" 0 0 0 0 0 0.0195198126097989 0 0 0 0.000432683154779418 0.00101491931391454 0 0 0
"muelle" 0 0 0 0.000577103976823504 0.00118611298912334 0.0136638688268593 0 0 0.00148738695859115 0.00173073261911767 0.00456713691261545 0 0.00120500801330329 0
"muertos" 0.00189609404626469 0.00316285542587848 0 0.00461683181458803 0.00474445195649338 0.0234237751317587 0.00554385186827808 0 0.0163612565445026 0.00302878208345593 0.00862681416827362 0.0047463097441739 0 0.0051403310373188
"municiones" 0 0 0 0 0.00118611298912334 0.00585594378293968 0.00277192593413904 0 0 0 0 0 0 0
"muralla" 0 0 0 0.00115420795364701 0.00118611298912334 0.00975990630489947 0 0 0.00148738695859115 0.000865366309558836 0.000507459656957272 0 0.00120500801330329 0
"mutilado" 0 0 0 0.00115420795364701 0 0.00780792504391958 0 0 0 0.000432683154779418 0 0 0 0
"napoleón" 0 0 0.00143036960750658 0.000577103976823504 0.00237222597824669 0.0253757563927386 0 0 0 0.00216341577389709 0.00304475794174363 0 0 0
"náutica" 0 0 0 0.00173131193047051 0 0.00585594378293968 0 0 0 0.000432683154779418 0 0 0 0
"naval" 0 0 0 0 0 0.0175678313488191 0 0 0.00148738695859115 0 0 0 0 0
"navegábamos" 0 0 0 0 0 0.00585594378293968 0 0 0 0 0 0 0 0
"navegación" 0 0 0 0 0 0.0136638688268593 0 0 0.00148738695859115 0.00129804946433825 0.00152237897087182 0 0 0
"navegantes" 0 0 0 0.000577103976823504 0 0.00585594378293968 0 0.00557351465834355 0.00148738695859115 0 0 0 0 0
"navegar" 0 0 0 0.000577103976823504 0 0.00585594378293968 0 0 0 0 0.000507459656957272 0 0 0
"naves" 0 0 0 0.00173131193047051 0 0.00975990630489947 0 0 0 0.00173073261911767 0.00202983862782909 0 0 0
"navío" 0 0 0 0 0 0.156158500878392 0 0.00557351465834355 0.00297477391718229 0 0 0 0.00120500801330329 0
"navíos" 0 0 0 0 0 0.113214913136834 0 0 0 0.000432683154779418 0 0 0 0
"nelson" 0 0 0 0 0 0.0312317001756783 0 0 0 0 0 0 0 0
"nepomuceno" 0 0 0 0 0.00118611298912334 0.0195198126097989 0 0 0.00148738695859115 0 0 0 0 0
"neptune" 0 0 0 0 0 0.00780792504391958 0 0 0 0 0 0 0 0
"neptuno" 0 0 0 0 0 0.00975990630489947 0 0 0 0 0.000507459656957272 0 0 0
"noción" 0 0 0 0 0 0.00585594378293968 0 0 0 0 0 0 0 0
"nos" 0.0360257868790292 0.0822342410728406 0.130163634283099 0.192175624282227 0.141147445705678 0.314268983017763 0.213438296928706 0.111470293166871 0.211208948119943 0.0995171255992662 0.074596569572719 0.142389292325217 0.0506103365587381 0.138788938007608
"noté" 0 0.00632571085175697 0 0 0 0.00780792504391958 0 0.0111470293166871 0 0 0 0 0 0.0051403310373188
"novio" 0 0.0126514217035139 0.0157340656825724 0.000577103976823504 0.0142333558694801 0.0175678313488191 0 0 0 0 0.00152237897087182 0 0.00964006410642631 0.0051403310373188
"nuestra" 0.0379218809252939 0.0284656988329063 0 0.0577103976823504 0.0308389377172069 0.124926800702713 0.0138596296706952 0.0613086612417791 0.0446216087577344 0.0623063742882362 0.18420785547549 0.0284778584650434 0.016870112186246 0.0462629793358692
"nuestros" 0.0208570345089116 0.0158142771293924 0.0114429568600526 0.0559790857518799 0.0177916948368502 0.0702713253952762 0.00277192593413904 0.0613086612417791 0.0163612565445026 0.0398068502397065 0.0456713691261545 0.052209407185913 0.00241001602660658 0
"obenques" 0 0 0 0 0 0.00585594378293968 0 0 0 0 0 0 0 0
"obligándome" 0 0 0 0 0 0.00585594378293968 0 0 0 0 0 0 0 0
"obscuridad" 0 0 0 0 0.00711667793474006 0.0117118875658794 0 0 0.00297477391718229 0 0 0 0.00241001602660658 0
"observaba" 0.00189609404626469 0 0 0.000577103976823504 0.00118611298912334 0.00975990630489947 0 0 0 0.000865366309558836 0 0.0047463097441739 0 0
"observando" 0.00189609404626469 0.00316285542587848 0 0.00115420795364701 0 0.0136638688268593 0 0 0 0.000865366309558836 0 0 0 0
"observé" 0 0 0 0 0 0.0136638688268593 0 0 0.00594954783436459 0 0 0 0 0
"ocasión" 0.00568828213879408 0.00632571085175697 0.0214555441125987 0.0138504954437641 0.0142333558694801 0.0390396252195979 0 0 0.0163612565445026 0.00865366309558836 0.0106566527961027 0.0189852389766956 0.00843505609312302 0
"ocupaban" 0.00379218809252939 0 0.00143036960750658 0.000577103976823504 0.00118611298912334 0.00975990630489947 0 0.0111470293166871 0 0.00173073261911767 0 0.0047463097441739 0.00241001602660658 0
"ocupado" 0.00568828213879408 0.00316285542587848 0 0.00461683181458803 0.00118611298912334 0.0156158500878392 0 0 0.00297477391718229 0.00346146523823535 0.00253729828478636 0.0047463097441739 0.00241001602660658 0
"ocurría" 0 0 0.00286073921501316 0 0 0.00975990630489947 0 0 0 0.00216341577389709 0 0 0.00843505609312302 0
"oficial" 0 0.0284656988329063 0.00286073921501316 0.00230841590729402 0.00118611298912334 0.0331836814366582 0.0166315556048342 0 0.0252855782960495 0.0160092767268385 0.00608951588348726 0.0047463097441739 0.0108450721197296 0
"oficiales" 0 0 0.00143036960750658 0.00173131193047051 0 0.0566074565684169 0.00277192593413904 0 0.010411708710138 0.0108170788694855 0.00710443519740181 0 0.00120500801330329 0
"oficialidad" 0 0 0 0 0 0.00780792504391958 0 0 0 0.000432683154779418 0 0 0 0
"oí" 0.00379218809252939 0.00632571085175697 0.00429110882251974 0.00230841590729402 0.00711667793474006 0.0312317001756783 0 0.0390146026084049 0.00594954783436459 0.000865366309558836 0.000507459656957272 0 0.00482003205321315 0.0359823172612316
"olas" 0 0.00316285542587848 0 0.00115420795364701 0.00118611298912334 0.0273277376537185 0 0.00557351465834355 0.00148738695859115 0.00908634625036778 0.00659697554044453 0 0.00120500801330329 0.0051403310373188
"operación" 0.00189609404626469 0.00632571085175697 0.00429110882251974 0.00288551988411752 0.00237222597824669 0.0175678313488191 0 0 0.00743693479295574 0.00432683154779418 0.000507459656957272 0.0047463097441739 0.00361502403990987 0
"ordenándome" 0 0 0 0 0 0.00780792504391958 0 0 0 0 0 0 0 0
"orzar" 0 0 0 0 0 0.00585594378293968 0 0 0 0 0 0 0 0
"paca" 0 0 0 0 0 0.0175678313488191 0 0 0 0 0 0 0 0
"padre" 0.128934395145999 0.0790713856469621 0.0343288705801579 0.0369346545167043 0.0142333558694801 0.0273277376537185 0.0471227408803637 0.351131423475644 0.148738695859115 0.0467297807161772 0.0314624987313509 0.0237315487208695 0.243411618687264 0.318700524313766
"palo" 0 0.00632571085175697 0.0071518480375329 0.00981076760599957 0.0332111636954536 0.0351356626976381 0.0221754074731123 0 0.0118990956687292 0.000865366309558836 0.00101491931391454 0 0.00120500801330329 0.0051403310373188
"pañol" 0 0 0 0 0 0.00585594378293968 0 0 0 0 0 0 0 0
"pañoles" 0 0 0 0.000577103976823504 0 0.00780792504391958 0 0 0 0 0 0 0 0
"parece" 0.0322335987864998 0.0284656988329063 0.0615058931227829 0.0715608931261145 0.0593056494561672 0.107358969353894 0.0582104446169198 0 0.0535459305092813 0.0467297807161772 0.0497310463818126 0.0949261948834781 0.0277151843059756 0.025701655186594
"parecía" 0.0796359499431172 0.0284656988329063 0.0414807186176908 0.00403972783776453 0.0237222597824669 0.0897911380050752 0 0.0167205439750307 0.00594954783436459 0.0328839197632358 0.0172536283365472 0.0854335753951303 0.0313302083458855 0.0411226482985504
"peligro" 0.00568828213879408 0.0158142771293924 0.00429110882251974 0.0103878715828231 0.00355833896737003 0.0468475502635175 0.0554385186827808 0.0167205439750307 0.00892432175154688 0.023797573512868 0.0182685476504618 0.0047463097441739 0.0132550881463362 0.0051403310373188
"peluquero" 0 0 0.00143036960750658 0 0 0.00975990630489947 0 0 0 0 0 0 0 0
"pena" 0 0.00948856627763545 0.0143036960750658 0.00865655965235256 0.0189778078259735 0.0292797189146984 0.0249473334072514 0.0111470293166871 0.0133864826273203 0.00129804946433825 0.0101491931391454 0.00949261948834781 0.00723004807981973 0.0565436414105068
"penoles" 0 0 0 0 0 0.00585594378293968 0 0 0 0 0 0 0 0
"pensamientos" 0.0151687523701176 0.0126514217035139 0 0.00346262386094103 0.00355833896737003 0.0253757563927386 0.00277192593413904 0.00557351465834355 0.00446216087577344 0.00173073261911767 0.0101491931391454 0.0047463097441739 0.0120500801330329 0.0154209931119564
"perdimos" 0 0 0 0.000577103976823504 0 0.00585594378293968 0 0 0 0 0.000507459656957272 0 0 0
"perecer" 0.00189609404626469 0 0 0 0.00118611298912334 0.00975990630489947 0.00277192593413904 0 0.00297477391718229 0 0.000507459656957272 0 0 0
"perecido" 0.00189609404626469 0 0 0 0.00118611298912334 0.00585594378293968 0 0 0 0 0 0 0 0
"periodo" 0 0 0 0.000577103976823504 0 0.00585594378293968 0 0 0 0 0 0 0 0
"pesado" 0 0.00316285542587848 0.00143036960750658 0.00230841590729402 0 0.0136638688268593 0 0 0.00148738695859115 0.00129804946433825 0.00253729828478636 0.0047463097441739 0.00120500801330329 0
"pesar" 0.0398179749715586 0.0411171205364203 0.0243162833276119 0.0126962874901171 0.0213500338042202 0.0644153816123365 0.0166315556048342 0.0167205439750307 0.0118990956687292 0.0151439104172796 0.0162387090226327 0.0189852389766956 0.0349452323857954 0.0154209931119564
"pierna" 0 0 0.00286073921501316 0.00403972783776453 0.00711667793474006 0.0273277376537185 0.00277192593413904 0 0.00892432175154688 0.00302878208345593 0.00202983862782909 0 0.00361502403990987 0
"piezas" 0 0 0.0071518480375329 0.00173131193047051 0.00593056494561672 0.0253757563927386 0 0 0.00297477391718229 0.00822097994080894 0.00101491931391454 0.0047463097441739 0.0108450721197296 0
"pince" 0 0 0 0 0 0.00780792504391958 0 0 0 0 0 0 0 0
"pique" 0 0 0.00143036960750658 0.00230841590729402 0.00118611298912334 0.0175678313488191 0 0 0 0.000865366309558836 0 0 0 0.0051403310373188
"poco" 0.0777398558968525 0.0632571085175697 0.0872525460579014 0.0507851499604684 0.072352892336524 0.121022838180753 0.0942454817607273 0.0613086612417791 0.102629700142789 0.0666332058360304 0.0471937480970263 0.0664483364184347 0.079530528878017 0.0822452965971009
"poderlo" 0 0 0 0 0 0.00585594378293968 0 0.00557351465834355 0.00148738695859115 0.000432683154779418 0 0 0 0
"podía" 0.0379218809252939 0.0632571085175697 0.0557844146927566 0.00230841590729402 0.0142333558694801 0.0722233066562561 0 0.0724556905584662 0.0565207044264636 0.0333166029180152 0.0172536283365472 0.052209407185913 0.0409702724523118 0.102806620746376
"podíamos" 0 0 0 0 0.00118611298912334 0.00585594378293968 0 0 0.00297477391718229 0 0 0 0 0.0051403310373188
"popa" 0 0 0 0.000577103976823504 0 0.0409916064805778 0 0 0.00297477391718229 0.00346146523823535 0 0 0 0
"pormenores" 0.00189609404626469 0 0.00143036960750658 0.000577103976823504 0 0.0117118875658794 0 0.00557351465834355 0 0.000865366309558836 0 0 0 0.0102806620746376
"portalón" 0 0 0 0 0 0.00585594378293968 0 0 0 0 0 0 0 0
"posible" 0.0170648464163823 0.0221399879811494 0.0100125872525461 0.00865655965235256 0.0118611298912334 0.0409916064805778 0 0.0390146026084049 0.00892432175154688 0.0263936724415445 0.0137014107378463 0.0332241682092173 0.0192801282128526 0.0205613241492752
"preciso" 0.024649222601441 0.0221399879811494 0.0071518480375329 0.00519393579141154 0.00474445195649338 0.0429435877415577 0.0443508149462246 0.0111470293166871 0.0133864826273203 0.0233648903580886 0.00761189485435908 0.0142389292325217 0.0204851362261559 0.0308419862239128
"presencia" 0.0284414106939704 0.0126514217035139 0.00572147843002632 0.00692524772188205 0.0118611298912334 0.0331836814366582 0.00277192593413904 0 0.00743693479295574 0.0164419598816179 0.00456713691261545 0.0189852389766956 0.00843505609312302 0.0051403310373188
"presenciar" 0.00189609404626469 0 0 0 0 0.00975990630489947 0 0.0111470293166871 0.00148738695859115 0.000432683154779418 0.000507459656957272 0 0 0
"presencié" 0 0.00316285542587848 0 0 0 0.00780792504391958 0 0 0.00297477391718229 0 0 0 0 0
"presteza" 0 0 0 0.00115420795364701 0.00237222597824669 0.00780792504391958 0.00277192593413904 0 0 0 0.00202983862782909 0 0 0
"príncipe" 0.0549867273416761 0 0 0.00923366362917607 0 0.0253757563927386 0 0 0 0.000432683154779418 0.0035522175987009 0 0.00482003205321315 0
"prisioneros" 0 0.00316285542587848 0 0.000577103976823504 0.00118611298912334 0.0214717938707788 0 0 0 0.000432683154779418 0.00152237897087182 0 0 0
"proa" 0 0 0 0.00173131193047051 0 0.037087643958618 0 0 0 0.000432683154779418 0.00101491931391454 0 0 0
"procurando" 0.00189609404626469 0 0 0.00115420795364701 0 0.00780792504391958 0.00277192593413904 0.00557351465834355 0.00148738695859115 0 0 0.0047463097441739 0 0.0102806620746376
"produjo" 0 0.00316285542587848 0.00143036960750658 0.00115420795364701 0.00118611298912334 0.0117118875658794 0 0 0 0.000865366309558836 0.000507459656957272 0.00949261948834781 0 0.0051403310373188
"proyectiles" 0 0 0 0 0 0.00585594378293968 0 0 0 0.000432683154779418 0.000507459656957272 0 0 0
"pude" 0.0113765642775882 0.00632571085175697 0.00429110882251974 0 0.00237222597824669 0.0527034940464572 0.0221754074731123 0.0557351465834355 0.0148738695859115 0.00216341577389709 0.000507459656957272 0 0.00120500801330329 0.051403310373188
"puentes" 0 0 0 0 0.00118611298912334 0.00780792504391958 0 0 0 0 0.00152237897087182 0 0 0
"pues" 0.151687523701176 0.0948856627763545 0.296086508753862 0.146007306136347 0.183847513314118 0.226429826273668 0.313227630557712 0.0891762345334968 0.273679200380771 0.150141054708458 0.0385669339287527 0.0474630974417391 0.187981250075313 0.102806620746376
"puntales" 0 0 0 0 0 0.00585594378293968 0 0 0 0 0.000507459656957272 0 0 0
"punto" 0.00568828213879408 0.0347914096846633 0.0300377617576382 0.0398201744008218 0.0130472428803568 0.0546554753074371 0.0776139261558931 0.0222940586333742 0.0208234174202761 0.0177400093459561 0.0152237897087182 0.00949261948834781 0.0385602564257052 0.025701655186594
"quedarme" 0 0 0 0 0.00237222597824669 0.00780792504391958 0.00277192593413904 0 0.00297477391718229 0 0.000507459656957272 0 0 0
"quedé" 0.00189609404626469 0 0.00143036960750658 0.00115420795364701 0.00355833896737003 0.0156158500878392 0.0166315556048342 0.0111470293166871 0.0237981913374584 0.000865366309558836 0.000507459656957272 0 0 0.0102806620746376
"quilla" 0 0 0 0 0 0.00585594378293968 0 0 0.00148738695859115 0 0 0 0 0
"quizás" 0.00379218809252939 0 0.00143036960750658 0 0.00118611298912334 0.0175678313488191 0 0 0.00148738695859115 0.000432683154779418 0.00101491931391454 0 0 0
"rafael" 0 0 0.00143036960750658 0.00173131193047051 0 0.0292797189146984 0 0.00557351465834355 0 0.00173073261911767 0.00202983862782909 0.0047463097441739 0 0
"rayo" 0.0151687523701176 0.00948856627763545 0.00286073921501316 0.00288551988411752 0.00474445195649338 0.074175287917236 0.00831577780241712 0 0.00297477391718229 0.0112497620242649 0.01116411245306 0.0237315487208695 0.00602504006651644 0
"razones" 0 0.00948856627763545 0.00572147843002632 0.0103878715828231 0.00474445195649338 0.0214717938707788 0.00831577780241712 0 0.00594954783436459 0.000432683154779418 0.00913427382523089 0 0.00120500801330329 0
"reconocí" 0 0 0 0.00115420795364701 0 0.00975990630489947 0 0.00557351465834355 0 0.000432683154779418 0 0 0 0
"reconocieron" 0 0 0 0 0 0.00585594378293968 0 0 0.00148738695859115 0 0 0.0047463097441739 0.00120500801330329 0
"recuerdo" 0.00758437618505878 0.0158142771293924 0.00858221764503948 0.00577103976823504 0.00830279092386341 0.0527034940464572 0.00831577780241712 0.0222940586333742 0.00297477391718229 0.00865366309558836 0.00558205622652999 0.0237315487208695 0.00843505609312302 0.0616839724478256
"redoblado" 0 0 0.00143036960750658 0 0 0.00585594378293968 0 0 0 0 0 0 0 0
"redobló" 0.00189609404626469 0.00316285542587848 0 0 0 0.00585594378293968 0 0 0.00148738695859115 0 0 0 0 0
"referir" 0.00568828213879408 0.00316285542587848 0 0.00173131193047051 0.00118611298912334 0.0117118875658794 0 0 0.00446216087577344 0.00259609892867651 0.000507459656957272 0.0047463097441739 0.00241001602660658 0
"remedando" 0 0 0 0.000577103976823504 0 0.00585594378293968 0 0 0.00148738695859115 0 0 0 0 0
"remolcar" 0 0 0 0 0 0.00780792504391958 0 0 0 0 0 0 0 0
"rendición" 0 0 0 0 0 0.00585594378293968 0 0 0 0 0.000507459656957272 0.0047463097441739 0 0
"rendido" 0.00189609404626469 0.00948856627763545 0.00143036960750658 0.000577103976823504 0.00118611298912334 0.00975990630489947 0 0 0 0 0 0 0.00120500801330329 0
"rendirse" 0 0 0 0 0.00118611298912334 0.00975990630489947 0 0 0 0 0 0 0 0
"represar" 0 0 0 0 0 0.00780792504391958 0 0 0 0 0 0 0 0
"representé" 0 0 0 0 0 0.00585594378293968 0 0 0 0 0 0 0 0
"rescatar" 0 0 0 0 0.00118611298912334 0.00780792504391958 0.00277192593413904 0 0 0.000432683154779418 0.00152237897087182 0 0 0
"resonó" 0 0.00632571085175697 0 0.000577103976823504 0 0.00585594378293968 0 0 0 0 0 0 0 0
"restos" 0 0 0.00143036960750658 0.000577103976823504 0 0.0156158500878392 0 0.00557351465834355 0 0.00259609892867651 0.00202983862782909 0.0047463097441739 0.00482003205321315 0
"retaguardia" 0 0 0 0.000577103976823504 0.00355833896737003 0.0175678313488191 0 0 0.00594954783436459 0.0047595147025736 0 0 0 0
"retirado" 0.00189609404626469 0 0 0 0.00118611298912334 0.0117118875658794 0 0 0 0.00389414839301476 0 0.0047463097441739 0.00120500801330329 0.0051403310373188
"retumbante" 0 0 0.00143036960750658 0 0 0.00585594378293968 0 0 0.00446216087577344 0 0 0 0 0
"rezar" 0 0 0.0071518480375329 0.00173131193047051 0.00355833896737003 0.0136638688268593 0.00554385186827808 0 0.00148738695859115 0.000432683154779418 0 0 0.00723004807981973 0
"rosellón" 0 0 0 0 0 0.00975990630489947 0 0 0 0 0 0 0 0
"rosita" 0 0 0 0 0 0.0234237751317587 0 0 0 0 0 0 0 0
"royal" 0 0 0 0.000577103976823504 0 0.00975990630489947 0 0 0 0.000432683154779418 0 0 0 0
"ruidosa" 0.00189609404626469 0 0 0 0 0.00780792504391958 0 0 0 0 0.000507459656957272 0 0.00241001602660658 0.0051403310373188
"salimos" 0 0.00316285542587848 0.00143036960750658 0.00230841590729402 0.00474445195649338 0.0136638688268593 0.00554385186827808 0.00557351465834355 0.00594954783436459 0.00173073261911767 0.00152237897087182 0 0.00361502403990987 0.0051403310373188
"salvarnos" 0 0 0 0 0 0.00585594378293968 0 0 0 0.000865366309558836 0 0 0 0
"san" 0 0.00632571085175697 0.027177022542625 0.0201986391888226 0.0332111636954536 0.124926800702713 0.0110877037365562 0 0.0237981913374584 0.0302878208345593 0.0502385060387699 0 0.0723004807981973 0.0154209931119564
"sanlúcar" 0 0 0 0 0 0.00585594378293968 0 0 0 0 0 0 0 0
"sano" 0 0.00632571085175697 0.00143036960750658 0.00173131193047051 0 0.0175678313488191 0.00277192593413904 0 0.00297477391718229 0.000865366309558836 0.00608951588348726 0 0.00482003205321315 0.0051403310373188
"santa" 0.00189609404626469 0.00948856627763545 0.0228859137201053 0.0294323028179987 0.0106750169021101 0.101503025570955 0.0166315556048342 0.0222940586333742 0.0178486435030938 0.0311531871441181 0.00862681416827362 0.00949261948834781 0.0277151843059756 0
"santísima" 0 0 0.0071518480375329 0 0 0.0214717938707788 0 0 0.00297477391718229 0 0 0 0.00361502403990987 0
"seguí" 0 0 0 0 0 0.00780792504391958 0 0.00557351465834355 0.00297477391718229 0.00173073261911767 0 0 0 0
"señor" 0.0777398558968525 0.0790713856469621 0.115859938208033 0.0646356454042325 0.186219739292365 0.0644153816123365 0.0304911852755294 0.0278675732917178 0.153200856734888 0.477249519721698 0.0314624987313509 0.0854335753951303 0.148215985636304 0.0051403310373188
"señora" 0.0417140690178233 0.0537685422399342 0.0743792195903421 0.00981076760599957 0.0830279092386341 0.0195198126097989 0.00554385186827808 0.0111470293166871 0.0312351261304141 0.179996192388238 0.00761189485435908 0.0332241682092173 0.054225360598648 0.0154209931119564
"señorito" 0 0.0379542651105418 0.00286073921501316 0.000577103976823504 0 0.0117118875658794 0 0 0 0 0 0 0 0
"sensación" 0.00189609404626469 0 0.00143036960750658 0 0 0.0136638688268593 0 0.00557351465834355 0 0.000865366309558836 0.000507459656957272 0 0 0
"sensaciones" 0.00568828213879408 0 0 0.000577103976823504 0 0.0156158500878392 0 0 0 0.000432683154779418 0 0 0 0.0051403310373188
"sentí" 0.00379218809252939 0.00316285542587848 0.00286073921501316 0.000577103976823504 0.00118611298912334 0.0253757563927386 0.00831577780241712 0.0278675732917178 0.00446216087577344 0.00173073261911767 0.00101491931391454 0 0.00120500801330329 0.0462629793358692
"servicio" 0.00568828213879408 0.0126514217035139 0.00143036960750658 0.00461683181458803 0.00711667793474006 0.037087643958618 0.0277192593413904 0.00557351465834355 0.0118990956687292 0.0242302566676474 0.00964173348218817 0 0.0241001602660658 0.0051403310373188
"si" 0.284414106939704 0.332099819717241 0.423389403821948 0.380311520726689 0.289411569346096 0.409916064805778 0.584876372103337 0.195073013042024 0.374821513564969 0.282974783225739 0.182178016847661 0.223076557976174 0.255461698820297 0.205613241492752
"sido" 0.0910125142207053 0.0284656988329063 0.0228859137201053 0.0317407187252927 0.0438861805975637 0.0956470817880148 0.0277192593413904 0.0557351465834355 0.0416468348405521 0.0549507606569861 0.041104232213539 0.099672504627652 0.100015665104173 0.0719646345224633
"sitios" 0.0113765642775882 0 0 0.000577103976823504 0.00593056494561672 0.0117118875658794 0 0.0222940586333742 0 0 0 0 0.00361502403990987 0
"sollado" 0 0 0 0 0 0.00780792504391958 0 0 0 0 0 0 0 0
"son" 0.0796359499431172 0.0442799759622988 0.071518480375329 0.180633544745757 0.122169637879704 0.0468475502635175 0.157999778245925 0.050161631925092 0.190385530699667 0.0982190761349279 0.143103623261951 0.0569557169300869 0.0530203525853447 0.0359823172612316
"sotavento" 0 0 0 0 0 0.00975990630489947 0 0 0 0 0 0 0 0
"sovereign" 0 0 0 0 0 0.00975990630489947 0 0 0 0 0 0 0 0
"sr" 0.00758437618505878 0 0 0.000577103976823504 0 0.0195198126097989 0 0 0 0 0.00304475794174363 0 0 0
"subimos" 0 0 0 0 0 0.00585594378293968 0 0 0 0 0 0 0 0
"supe" 0 0.00632571085175697 0.00286073921501316 0.00230841590729402 0.00474445195649338 0.0292797189146984 0.0332631112096685 0.0111470293166871 0.0148738695859115 0 0.000507459656957272 0 0.00361502403990987 0.0154209931119564
"superioridad" 0 0 0 0.000577103976823504 0 0.00975990630489947 0 0 0.00148738695859115 0.00173073261911767 0.00304475794174363 0 0 0
"también" 0.123246113007205 0.0506056868140557 0.0944043940954343 0.141390474321759 0.0889584741842508 0.18153425727113 0 0.0278675732917178 0.0788315088053308 0.0930268782775749 0.0274028214756927 0.0711946461626086 0.0518153445720414 0.0822452965971009
"tan" 0.293894577171028 0.205585602682101 0.430541251859481 0.143121786252229 0.181475287335872 0.298653132929924 0.194034815389733 0.222940586333742 0.24690623512613 0.113795669706987 0.1116411245306 0.204091318999478 0.1831612180221 0.185051917343477
"temerary" 0 0 0 0 0 0.00585594378293968 0 0 0 0 0 0 0 0
"temporal" 0 0.00316285542587848 0 0.000577103976823504 0 0.0136638688268593 0.00277192593413904 0 0.00594954783436459 0.000432683154779418 0.00202983862782909 0 0.00120500801330329 0
"tenía" 0.0625711035267349 0.091722807350476 0.125872525460579 0 0.0984473780972375 0.126878781963693 0.0194034815389733 0.100323263850184 0.113041408852927 0.0674985721455892 0.0360296356439663 0.099672504627652 0.116885777290419 0.133648606970289
"terrible" 0.0511945392491468 0.0189771325552709 0.0143036960750658 0.00403972783776453 0.00948890391298675 0.0585594378293968 0.0194034815389733 0.0222940586333742 0.0118990956687292 0.0311531871441181 0.00608951588348726 0.0047463097441739 0.00241001602660658 0.0051403310373188
"terribles" 0.0113765642775882 0.00632571085175697 0.00429110882251974 0.00115420795364701 0.00355833896737003 0.0253757563927386 0.0110877037365562 0.0111470293166871 0.00892432175154688 0.00605756416691185 0.00253729828478636 0.0047463097441739 0.00120500801330329 0.0102806620746376
"themis" 0 0 0 0 0 0.00585594378293968 0 0 0 0 0 0 0 0
"tiene" 0.0511945392491468 0.0379542651105418 0.0972651333104474 0.103301611851407 0.119797411901458 0.0331836814366582 0.205122519126289 0.0111470293166871 0.0877558305568777 0.0917288288132366 0.107073987617984 0.0617020266742608 0.062660416691771 0.0462629793358692
"timón" 0 0 0 0 0 0.0117118875658794 0 0 0.00446216087577344 0.000865366309558836 0.000507459656957272 0 0 0
"todos" 0.106181266590823 0.0727456747952051 0.0858221764503948 0.0981076760599957 0.161311366520775 0.251805582666406 0.149684000443508 0.100323263850184 0.200797239409805 0.211149379532356 0.128894752867147 0.166120841046087 0.187981250075313 0.154209931119564
"tolón" 0 0 0 0 0 0.00780792504391958 0 0 0 0 0 0 0 0
"trafalgar" 0 0 0 0 0 0.0175678313488191 0 0 0 0 0 0 0 0
"tranquilos" 0 0 0 0 0 0.00780792504391958 0 0 0 0.00216341577389709 0.00152237897087182 0 0 0
"transportado" 0.00189609404626469 0 0 0 0 0.00975990630489947 0 0 0 0 0 0.0047463097441739 0 0
"trasbordo" 0 0 0 0 0 0.00975990630489947 0 0 0 0 0 0 0 0
"travesía" 0 0 0 0 0.00118611298912334 0.00975990630489947 0 0 0 0.000432683154779418 0.000507459656957272 0 0.00241001602660658 0
"trinidad" 0 0 0 0 0 0.074175287917236 0 0 0 0.000432683154779418 0.00152237897087182 0 0 0
"trinquete" 0 0 0 0 0 0.00780792504391958 0 0 0.00148738695859115 0 0 0 0 0
"tripulación" 0 0 0 0 0 0.0487995315244974 0 0 0.00148738695859115 0.00129804946433825 0 0 0 0
"tripulantes" 0 0 0 0 0 0.00780792504391958 0 0 0 0 0.000507459656957272 0 0 0
"tristeza" 0.0227531285551763 0.0158142771293924 0.0071518480375329 0.00115420795364701 0.00118611298912334 0.0312317001756783 0.00831577780241712 0 0.00297477391718229 0.00173073261911767 0.00558205622652999 0.0047463097441739 0.00241001602660658 0.0102806620746376
"trozos" 0 0 0.00143036960750658 0 0.00118611298912334 0.00975990630489947 0 0 0.00148738695859115 0 0.00405967725565818 0 0 0
"tu" 0.191505498672734 0.0347914096846633 0.027177022542625 0.0559790857518799 0.0510028585323038 0.00975990630489947 0.0360350371438075 0.111470293166871 0.124940504521656 0.0722580868481628 0.00558205622652999 0.261047035929565 0.0614554086784677 0.133648606970289
"tuvimos" 0 0 0.00429110882251974 0 0.00118611298912334 0.00780792504391958 0 0 0 0 0.000507459656957272 0 0 0
"una" 0.923397800530906 0.907739507227125 0.637944844947935 0.424748526942099 0.875351385973028 0.489947296505954 0.618139483313006 0.875041801359938 0.559257496430271 0.802194568961041 0.520653608038161 0.991978736532346 0.590453926518611 0.873856276344197
"uriarte" 0 0 0 0 0 0.00780792504391958 0 0 0 0 0.000507459656957272 0 0 0
"usted" 0.00189609404626469 0.202422747256223 0.107277720562993 0.0357804465630573 0.545611974996738 0.124926800702713 0 0 0.295990004759638 0.723446234791187 0.00456713691261545 0 0.206056370274862 0.138788938007608
"ustedes" 0 0.0126514217035139 0.017164435290079 0.00403972783776453 0.0142333558694801 0.0644153816123365 0.0221754074731123 0 0.0163612565445026 0.0233648903580886 0.000507459656957272 0 0.00602504006651644 0.0051403310373188
"valdés" 0 0 0 0 0 0.00585594378293968 0 0 0 0 0.000507459656957272 0 0.00120500801330329 0
"vanguardia" 0 0 0.00143036960750658 0.000577103976823504 0.00593056494561672 0.0136638688268593 0 0 0 0 0.00101491931391454 0 0 0
"vejer" 0 0 0 0 0 0.0195198126097989 0 0 0 0 0 0 0 0
"velamen" 0 0 0 0 0 0.00975990630489947 0 0 0 0 0 0 0 0
"velas" 0.00379218809252939 0.00316285542587848 0.00572147843002632 0.000577103976823504 0.00474445195649338 0.0195198126097989 0.00277192593413904 0 0.00446216087577344 0.00173073261911767 0.00202983862782909 0 0.00241001602660658 0.0051403310373188
"vendaval" 0 0 0 0 0 0.0117118875658794 0 0 0 0.000432683154779418 0 0 0 0
"verle" 0.00379218809252939 0.00316285542587848 0.00143036960750658 0.00115420795364701 0 0.0117118875658794 0.00277192593413904 0 0.00148738695859115 0 0.00152237897087182 0.00949261948834781 0 0
"vi" 0.0189609404626469 0.00632571085175697 0.0128733264675592 0.0756006209638791 0.0237222597824669 0.0819832129611556 0.0138596296706952 0.0334410879500613 0.0461089957163256 0.00605756416691185 0.00811935451131635 0 0.00964006410642631 0.0462629793358692
"victoria" 0 0.00316285542587848 0 0.00230841590729402 0.00118611298912334 0.0253757563927386 0 0 0 0.0129804946433825 0.00811935451131635 0 0.00361502403990987 0
"victory" 0 0 0 0 0 0.0156158500878392 0 0 0 0 0 0 0 0
"viendo" 0.00379218809252939 0.00948856627763545 0.0243162833276119 0.00692524772188205 0.0225361467933435 0.0409916064805778 0.0221754074731123 0 0.00594954783436459 0.00865366309558836 0.00558205622652999 0.0284778584650434 0.0265101762926723 0.0102806620746376
"viento" 0.00379218809252939 0.00948856627763545 0.00858221764503948 0.00577103976823504 0 0.0409916064805778 0.0277192593413904 0.0557351465834355 0.00297477391718229 0.0047595147025736 0.00862681416827362 0.00949261948834781 0.00602504006651644 0.0308419862239128
"villeneuve" 0 0 0 0 0 0.0351356626976381 0 0 0 0 0 0 0 0
"vimos" 0 0 0 0.00461683181458803 0 0.0292797189146984 0 0 0.00743693479295574 0.000865366309558836 0 0.0047463097441739 0.00241001602660658 0
"virar" 0 0 0 0 0 0.00975990630489947 0 0 0 0 0 0 0 0
"vista" 0.0417140690178233 0.0158142771293924 0.0157340656825724 0.0311636147484692 0.0332111636954536 0.0663673628733164 0.0471227408803637 0.0222940586333742 0.0252855782960495 0.0155765935720591 0.00710443519740181 0.0759409559067825 0.0325352163591888 0.0102806620746376
"volverán" 0 0 0 0.000577103976823504 0 0.00585594378293968 0 0 0 0.000432683154779418 0.00101491931391454 0 0 0
"yacían" 0.00189609404626469 0 0 0 0 0.00585594378293968 0 0 0 0 0 0 0 0.0051403310373188
"yo" 0.409556313993174 0.199259891830344 0.215985810733494 0.154663865788699 0.512400811301285 0.470427483896155 0.643086816720257 0.59636606844276 0.682710613993337 0.408020214956991 0.0700294326601035 0.232569177464521 0.304867027365732 0.339261848463041
