1519 1575 1806 1837 1637
1762 1786 1865 1822 1570
1637 1542 1763 1694 NA
1570 1800 1566 1871 1695
1740 1788 1836 1729 1657
1689 1641 1867 1866 1553
1745 1762 1867 1570 1638
1539 1774 1553 1866 1656
1782 1729 1772 1895 1778
1616 1842 1553 NA 1519
1791 1853 1553 1607 1637
1781 1561 1756 1737 1708
1785 1768 1637 NA 1637
1562 1762 1725 1618 1816
1542 1637 1729 1553 1624
1786 NA 1624 1618 1634
1587 1615 1740 1651 1757
1600 1762 1570 1863 1783
1600 1553 1621 1570 1570
1570 1689 1729 1867 1764
1631 1802 1591 1595 1559
1767 1789 1766 1559 1729
1575 NA 1539 1867 1745
1658 1643 1724 1591 1562
1753 1542 1794 1793 1867
1630 1730 1542 1600 1553
1785 1781 1559 NA 1782
1698 NA NA 1634 1595
1674 1753 1568 NA 1588
1837 1776 1566 1769 1656
1778 1745 1734 1637 1817
1814 1850 1643 1765 1570
1627 1689 1637 NA 1778
1542 1705 1867 NA 1804
1881 1777 1782 1595 1637
1695 1695 1628 1615 NA
1700 1790 1762 1770 1859
1867 1762 1647 1760 1607
1614 1867 1671 1857 1595
1637 1849 1769 1570 1787
1767 1790 1656 1832 1571
1760 1702 NA 1796 1781
1867 1729 1834 1727 1656
1749 1678 1760 1553 1867
1806 1731 1870 1784 1786
1591 1765 1764 1867 1584
NA 1734 1889 1762 1539
1539 1606 1762 1637 1745
1858 1641 1615 1767 1595
1826 1643 1614 1695 1867
1762 1773 1741 1643 1584
1778 1637 1671 NA 1744
1776 NA 1876 1542 1839
NA 1643 1656 1745 1867
1603 1570 1787 1700 1570
1792 1836 1539 1779 1575
1769 1721 1539 NA 1797
1553 1817 1830 1553 1860
1748 1656 1539 1588 1601
1827 1561 1762 1588 NA
1553 1867 1614 1603 1781
1637 1750 NA 1561 1623
1776 1770 1700 1826 1643
1771 1861 1542 1678 1867
1559 1539 1784 1600 1779
1623 1641 1867 1830 1784
1671 1744 1867 1553 1553
1737 1787 NA 1776 1767
1559 1702 1795 NA NA
1570 1656 NA 1693 1600
1793 1553 1652 1691 NA
1768 1742 1780 1553 1781
1794 1819 1821 1553 1539
1728 1570 1689 1740 1867
1772 1650 1561 1635 1615
1729 1559 1568 1788 1749
1650 1868 1749 1792 1695
1854 NA 1553 NA 1571
1637 1542 1519 1691 1833
1738 1718 1784 1762 1542
1542 1732 1758 1570 1595
1634 1559 1701 1771 1570
1716 1867 1757 NA 1752
1559 1745 1575 1559 1764
1689 1721 1795 1701 1786
1782 1671 1553 1766 1817
1893 1575 1553 1630 1790
1616 NA 1568 1767 1681
NA 1575 1553 1570 1868
1861 1795 1750 1817 1561
1570 1539 1754 1539 1831
1750 1742 1868 1832 NA
NA NA 1774 1732 1568
1769 1828 1832 1641 1575
1762 1678 1701 1623 1859
1868 1698 1785 NA NA
1714 NA 1643 1542 1681
1663 1618 1822 NA 1566
1631 1751 1621 1859 1817
1539 NA 1683 1744 1778
1780 1539 1714 1743 1772
1561 1618 1689 1729 1638
1814 1620 1795 1671 1637
NA 1618 1603 NA 1637
1663 1745 1542 1733 NA
1868 1618 1782 1791 1575
1600 1724 1852 1868 1778
1844 1789 NA 1843 1681
1559 1553 NA 1671 1600
1868 1553 1814 NA 1559
1745 1659 NA 1763 1868
1868 1868 1829 1766 1570
1810 NA 1570 1637 1566
1553 1575 1570 1772 1829
NA 1820 1652 1663 1595
1792 1656 1637 1868 1765
1785 1779 1553 1656 1836
1743 1553 1663 1802 1822
1603 1811 1570 1721 1827
1779 1637 1768 1664 1553
1764 1770 1738 1738 NA
1727 1727 1868 1553 1637
1868 1570 1782 1868 1838
1539 1719 1816 1607 NA
1553 1786 1785 1675 1656
1656 1575 1849 NA 1700
1720 1868 1854 1785 1656
1727 1776 1845 1570 1568
1553 1559 1621 1753 1630
1647 1729 1856 1860 NA
1539 1834 1868 1571 1749
1614 1767 1697 1868 1730
1606 1621 1566 1745 1745
1727 1849 1745 1674 1827
1570 1626 1796 1770 1635
1683 1817 1752 1615 1868
1750 1730 1628 1796 1868
1553 1774 1771 1559 1850
NA 1704 1671 1757 1600
1714 1745 1745 1553 1773
1802 1566 1553 1600 1683
NA NA 1790 1570 1624
1736 1849 1817 1868 1783
1615 1561 1698 1771 1651
1539 1769 1571 1621 1824
1539 1563 1566 1767 1689
1868 1740 1656 1737 1767
1737 1542 1575 1553 1795
1638 1745 1896 1868 1783
1542 NA 1637 1745 1762
1591 1861 1539 1651 1861
1603 NA NA 1771 1690
1776 1765 1868 NA 1600
1770 1767 1868 1772 1868
1759 1859 1781 1860 1797
1600 1868 1868 1806 1656
1615 1762 1553 1868 1627
1876 1643 1742 1742 1766
1775 1883 1575 1566 1700
1737 1745 1725 1792 1827
1561 1866 1784 1561 1815
1766 1855 1771 1768 1575
1789 1774 1759 1858 NA
1857 1553 1542 1762 1783
1730 NA 1740 1720 NA
1897 1561 1568 1575 1769
NA NA NA 1674 1882
1553 1603 1539 1777 1635
1851 1759 NA 1782 1854
1542 1595 1872 1770 1539
1776 1857 1769 1777 1734
1675 1829 1779 1753 1868
1787 NA 1729 1790 1618
1637 1852 NA 1832 1691
1575 1613
